25 0.6706730769230769 0.7596153846153846 0.11778846153846154 0.12980769230769232
25 0.625 0.34615384615384615 0.11298076923076923 0.08653846153846154
25 0.6322115384615384 0.4963942307692308 0.09134615384615384 0.11298076923076923
25 0.5492788461538461 0.5841346153846154 0.13701923076923078 0.09375
25 0.5324519230769231 0.5 0.13942307692307693 0.11298076923076923
25 0.5132211538461539 0.3798076923076923 0.16346153846153846 0.10576923076923077
25 0.5144230769230769 0.7223557692307693 0.14423076923076922 0.10576923076923077
25 0.4519230769230769 0.9555288461538461 0.12980769230769232 0.08413461538461539
25 0.4014423076923077 0.5420673076923077 0.1778846153846154 0.15144230769230768
25 0.3581730769230769 0.2127403846153846 0.16346153846153846 0.11538461538461539
25 0.26802884615384615 0.0829326923076923 0.18990384615384615 0.13701923076923078
25 0.3425480769230769 0.8305288461538461 0.19230769230769232 0.16826923076923078
25 0.2980769230769231 0.4098557692307692 0.18990384615384615 0.14182692307692307
25 0.2848557692307692 0.6971153846153846 0.1971153846153846 0.16826923076923078
25 0.15504807692307693 0.31009615384615385 0.23076923076923078 0.15144230769230768
25 0.17427884615384615 0.5637019230769231 0.20673076923076922 0.18990384615384615
25 0.08774038461538461 0.11538461538461539 0.17548076923076922 0.15384615384615385