25 0.2283653846153846 0.4098557692307692 0.13701923076923078 0.125
25 0.6694711538461539 0.359375 0.09615384615384616 0.1201923076923077
25 0.5120192307692307 0.3870192307692308 0.125 0.10336538461538461
25 0.43990384615384615 0.4951923076923077 0.10336538461538461 0.14903846153846154
25 0.5336538461538461 0.49399038461538464 0.12740384615384615 0.15144230769230768
25 0.6610576923076923 0.4855769230769231 0.11538461538461539 0.17307692307692307
25 0.30408653846153844 0.5637019230769231 0.11538461538461539 0.15625
25 0.0673076923076923 0.6887019230769231 0.11057692307692307 0.13942307692307693
25 0.5204326923076923 0.6394230769230769 0.1658653846153846 0.19471153846153846
25 0.8725961538461539 0.6069711538461539 0.12980769230769232 0.17548076923076922
25 0.9771634615384616 0.6754807692307693 0.040865384615384616 0.1971153846153846
25 0.234375 0.7716346153846154 0.18269230769230768 0.21153846153846154
25 0.6826923076923077 0.7163461538461539 0.15625 0.20673076923076922
25 0.38822115384615385 0.7980769230769231 0.18269230769230768 0.21394230769230768
25 0.8209134615384616 0.84375 0.1658653846153846 0.25
25 0.5516826923076923 0.8834134615384616 0.20673076923076922 0.22596153846153846
25 0.9807692307692307 0.8605769230769231 0.03365384615384615 0.16346153846153846