25 0.7439903846153846 0.2932692307692308 0.1346153846153846 0.12259615384615384
25 0.3317307692307692 0.36177884615384615 0.09134615384615384 0.11538461538461539
25 0.4831730769230769 0.34615384615384615 0.11778846153846154 0.09615384615384616
25 0.5745192307692307 0.4266826923076923 0.10096153846153846 0.14182692307692307
25 0.49038461538461536 0.44711538461538464 0.12259615384615384 0.14423076923076922
25 0.37259615384615385 0.4723557692307692 0.11538461538461539 0.1658653846153846
25 0.7151442307692307 0.453125 0.11057692307692307 0.1466346153846154
25 0.953125 0.5048076923076923 0.0889423076923077 0.1346153846153846
25 0.5396634615384616 0.5757211538461539 0.15865384615384615 0.1875
25 0.2127403846153846 0.6370192307692307 0.125 0.16826923076923078
25 0.09014423076923077 0.734375 0.13942307692307693 0.19230769230769232
25 0.8317307692307693 0.6201923076923077 0.1778846153846154 0.20192307692307693
25 0.41225961538461536 0.6862980769230769 0.15144230769230768 0.1971153846153846
25 0.7007211538461539 0.6850961538461539 0.17548076923076922 0.20673076923076922
25 0.32091346153846156 0.8365384615384616 0.16346153846153846 0.23798076923076922
25 0.5733173076923077 0.8028846153846154 0.20192307692307693 0.21634615384615385
25 0.1310096153846154 0.9110576923076923 0.1658653846153846 0.17307692307692307