25 0.8533653846153846 0.5588942307692307 0.18990384615384615 0.14903846153846154
25 0.7079326923076923 0.11298076923076923 0.1778846153846154 0.17307692307692307
25 0.8016826923076923 0.6706730769230769 0.21394230769230768 0.1778846153846154
25 0.49278846153846156 0.11538461538461539 0.18269230769230768 0.23076923076923078
25 0.24639423076923078 0.19831730769230768 0.29086538461538464 0.27403846153846156
25 0.2668269230769231 0.7331730769230769 0.3004807692307692 0.25961538461538464
25 0.15264423076923078 0.6418269230769231 0.2860576923076923 0.21634615384615385
25 0.11658653846153846 0.4579326923076923 0.23317307692307693 0.19951923076923078
25 0.859375 0.2536057692307692 0.15865384615384615 0.12980769230769232
25 0.8161057692307693 0.17548076923076922 0.1875 0.16826923076923078
25 0.8725961538461539 0.421875 0.1971153846153846 0.16346153846153846