25 0.7608173076923077 0.2091346153846154 0.14182692307692307 0.18509615384615385
25 0.28966346153846156 0.1502403846153846 0.17067307692307693 0.17548076923076922
25 0.8401442307692307 0.30408653846153844 0.17307692307692307 0.21153846153846154
25 0.1971153846153846 0.34975961538461536 0.23317307692307693 0.17307692307692307
25 0.171875 0.609375 0.2644230769230769 0.28846153846153844
25 0.6694711538461539 0.8185096153846154 0.24759615384615385 0.2956730769230769
25 0.5384615384615384 0.8701923076923077 0.20673076923076922 0.2548076923076923
25 0.34615384615384615 0.8557692307692307 0.1875 0.2620192307692308
25 0.484375 0.07572115384615384 0.12740384615384615 0.15144230769230768
25 0.3954326923076923 0.08653846153846154 0.1658653846153846 0.17307692307692307
25 0.6430288461538461 0.13341346153846154 0.15625 0.19471153846153846