25 0.1935096153846154 0.37740384615384615 0.16826923076923078 0.1201923076923077
25 0.2764423076923077 0.8076923076923077 0.15384615384615385 0.14903846153846154
25 0.2536057692307692 0.28125 0.1875 0.1466346153846154
25 0.47836538461538464 0.8317307692307693 0.1466346153846154 0.20673076923076922
25 0.7127403846153846 0.78125 0.2548076923076923 0.23317307692307693
25 0.7548076923076923 0.28365384615384615 0.2620192307692308 0.21634615384615385
25 0.859375 0.3798076923076923 0.27163461538461536 0.1778846153846154
25 0.8798076923076923 0.5564903846153846 0.23557692307692307 0.1658653846153846
25 0.15144230769230768 0.6598557692307693 0.13942307692307693 0.10576923076923077
25 0.18389423076923078 0.7367788461538461 0.16346153846153846 0.14182692307692307
25 0.15985576923076922 0.5012019230769231 0.17067307692307693 0.1346153846153846