25 0.8137019230769231 0.23197115384615385 0.21634615384615385 0.16346153846153846
25 0.10817307692307693 0.5336538461538461 0.21634615384615385 0.22115384615384615
25 0.890625 0.3641826923076923 0.19471153846153846 0.1346153846153846
25 0.8798076923076923 0.484375 0.22355769230769232 0.22355769230769232
25 0.2548076923076923 0.7019230769230769 0.24759615384615385 0.27403846153846156
25 0.7403846153846154 0.6129807692307693 0.31490384615384615 0.34375
25 0.5024038461538461 0.7307692307692307 0.24519230769230768 0.29086538461538464
25 0.3641826923076923 0.0985576923076923 0.1346153846153846 0.12740384615384615
25 0.5192307692307693 0.07211538461538461 0.14903846153846154 0.14423076923076922
25 0.12740384615384615 0.25240384615384615 0.18990384615384615 0.15625
25 0.6983173076923077 0.13822115384615385 0.18990384615384615 0.18509615384615385