25 0.7512019230769231 0.859375 0.13942307692307693 0.21153846153846154
25 0.5829326923076923 0.07572115384615384 0.19951923076923078 0.15144230769230768
25 0.5949519230769231 0.9050480769230769 0.11538461538461539 0.18509615384615385
25 0.47115384615384615 0.8762019230769231 0.20432692307692307 0.20432692307692307
25 0.3701923076923077 0.17427884615384615 0.25961538461538464 0.22115384615384615
25 0.36658653846153844 0.7043269230769231 0.32211538461538464 0.28125
25 0.29086538461538464 0.42908653846153844 0.2764423076923077 0.21634615384615385
25 0.9615384615384616 0.41225961538461536 0.07451923076923077 0.12740384615384615
25 0.9555288461538461 0.5829326923076923 0.08413461538461539 0.14182692307692307
25 0.8701923076923077 0.1346153846153846 0.13701923076923078 0.18028846153846154
25 0.8725961538461539 0.7572115384615384 0.17067307692307693 0.17548076923076922