25 0.0889423076923077 0.28966346153846156 0.1778846153846154 0.15625
25 0.8954326923076923 0.390625 0.20432692307692307 0.21394230769230768
25 0.0625 0.4519230769230769 0.125 0.125
25 0.09134615384615384 0.5769230769230769 0.18269230769230768 0.22115384615384615
25 0.7956730769230769 0.6165865384615384 0.23798076923076922 0.2764423076923077
25 0.2548076923076923 0.6694711538461539 0.30528846153846156 0.34375
25 0.5432692307692307 0.7211538461538461 0.23798076923076922 0.2932692307692308
25 0.5 0.039663461538461536 0.1346153846153846 0.07932692307692307
25 0.3269230769230769 0.054086538461538464 0.13942307692307693 0.09615384615384616
25 0.7932692307692307 0.10336538461538461 0.19230769230769232 0.1466346153846154
25 0.15384615384615385 0.15625 0.18990384615384615 0.18269230769230768