25 0.4110576923076923 0.24278846153846154 0.22115384615384615 0.22596153846153846
25 0.6454326923076923 0.2848557692307692 0.1971153846153846 0.19951923076923078
25 0.2403846153846154 0.3161057692307692 0.28365384615384615 0.24759615384615385
25 0.12980769230769232 0.3870192307692308 0.25961538461538464 0.17307692307692307
25 0.7980769230769231 0.36899038461538464 0.2860576923076923 0.16346153846153846
25 0.859375 0.44591346153846156 0.2764423076923077 0.11298076923076923
25 0.19591346153846154 0.48197115384615385 0.3557692307692308 0.18509615384615385
25 0.6658653846153846 0.5300480769230769 0.28846153846153844 0.125
25 0.20072115384615385 0.6201923076923077 0.3942307692307692 0.2283653846153846
25 0.8533653846153846 0.5997596153846154 0.27884615384615385 0.15384615384615385
25 0.04326923076923077 0.6802884615384616 0.07451923076923077 0.2283653846153846