25 0.2764423076923077 0.546875 0.25240384615384615 0.25
25 0.2776442307692308 0.3137019230769231 0.22355769230769232 0.22115384615384615
25 0.3762019230769231 0.6995192307692307 0.2860576923076923 0.3125
25 0.47475961538461536 0.8269230769230769 0.2283653846153846 0.34134615384615385
25 0.33653846153846156 0.15865384615384615 0.20432692307692307 0.2860576923076923
25 0.4050480769230769 0.11177884615384616 0.13701923076923078 0.21394230769230768
25 0.5456730769230769 0.7139423076923077 0.2403846153846154 0.3701923076923077
25 0.5120192307692307 0.2512019230769231 0.17067307692307693 0.2956730769230769
25 0.6814903846153846 0.6959134615384616 0.28846153846153844 0.4326923076923077
25 0.5564903846153846 0.1045673076923077 0.18990384615384615 0.2091346153846154
25 0.7740384615384616 0.8713942307692307 0.25240384615384615 0.19471153846153846