25 0.25961538461538464 0.5360576923076923 0.24278846153846154 0.23557692307692307
25 0.35697115384615385 0.7391826923076923 0.21634615384615385 0.2091346153846154
25 0.2848557692307692 0.36177884615384615 0.2692307692307692 0.2980769230769231
25 0.3112980769230769 0.19831730769230768 0.21394230769230768 0.35096153846153844
25 0.4723557692307692 0.8569711538461539 0.19471153846153846 0.28125
25 0.5540865384615384 0.8786057692307693 0.14182692307692307 0.23798076923076922
25 0.42788461538461536 0.28125 0.22596153846153846 0.3557692307692308
25 0.5865384615384616 0.6995192307692307 0.15865384615384615 0.2860576923076923
25 0.5516826923076923 0.24158653846153846 0.27163461538461536 0.41346153846153844
25 0.6959134615384616 0.8413461538461539 0.1875 0.2692307692307692
25 0.5649038461538461 0.0733173076923077 0.24519230769230768 0.1466346153846154