19 0.8713942307692307 0.5709134615384616 0.20192307692307693 0.16105769230769232
25 0.8629807692307693 0.12620192307692307 0.13942307692307693 0.23798076923076922
25 0.8497596153846154 0.8677884615384616 0.23076923076923078 0.21634615384615385
19 0.8076923076923077 0.65625 0.2860576923076923 0.2091346153846154
25 0.7283653846153846 0.859375 0.25 0.2764423076923077
25 0.7151442307692307 0.09975961538461539 0.20192307692307693 0.18990384615384615
25 0.5661057692307693 0.1622596153846154 0.2620192307692308 0.32211538461538464
25 0.4074519230769231 0.7860576923076923 0.32211538461538464 0.4254807692307692
25 0.32091346153846156 0.1814903846153846 0.41346153846153844 0.3389423076923077
25 0.23076923076923078 0.4963942307692308 0.4375 0.38221153846153844
25 0.9338942307692307 0.46033653846153844 0.12740384615384615 0.2091346153846154