19 0.17668269230769232 0.5192307692307693 0.2091346153846154 0.18028846153846154
25 0.27524038461538464 0.125 0.1658653846153846 0.23798076923076922
25 0.1346153846153846 0.7884615384615384 0.24278846153846154 0.23317307692307693
19 0.21514423076923078 0.609375 0.2932692307692308 0.23798076923076922
25 0.24158653846153846 0.8173076923076923 0.2692307692307692 0.30528846153846156
25 0.4206730769230769 0.11899038461538461 0.23076923076923078 0.23798076923076922
25 0.5360576923076923 0.1971153846153846 0.2980769230769231 0.37740384615384615
25 0.5444711538461539 0.7932692307692307 0.36778846153846156 0.40865384615384615
25 0.7463942307692307 0.28725961538461536 0.43028846153846156 0.375
25 0.7620192307692307 0.5853365384615384 0.4567307692307692 0.41586538461538464
25 0.12139423076923077 0.4050480769230769 0.18990384615384615 0.21153846153846154