19 0.8040865384615384 0.3641826923076923 0.20673076923076922 0.17548076923076922
25 0.8569711538461539 0.7752403846153846 0.15865384615384615 0.23798076923076922
25 0.7487980769230769 0.1045673076923077 0.24278846153846154 0.2091346153846154
19 0.7367788461538461 0.2932692307692308 0.29086538461538464 0.2283653846153846
25 0.6358173076923077 0.12860576923076922 0.2620192307692308 0.25721153846153844
25 0.7271634615384616 0.8485576923076923 0.21875 0.2620192307692308
25 0.5805288461538461 0.8040865384615384 0.28846153846153844 0.375
25 0.3485576923076923 0.22115384615384615 0.35336538461538464 0.4423076923076923
25 0.3473557692307692 0.7944711538461539 0.4230769230769231 0.3629807692307692
25 0.22596153846153846 0.5168269230769231 0.4519230769230769 0.40865384615384615
25 0.9002403846153846 0.453125 0.18509615384615385 0.2091346153846154