25 0.2512019230769231 0.12860576923076922 0.17307692307692307 0.21875
25 0.36899038461538464 0.8954326923076923 0.17548076923076922 0.20432692307692307
25 0.5288461538461539 0.9170673076923077 0.17307692307692307 0.16105769230769232
25 0.7007211538461539 0.8641826923076923 0.40865384615384615 0.2692307692307692
25 0.6177884615384616 0.13341346153846154 0.2644230769230769 0.2668269230769231
25 0.7463942307692307 0.19110576923076922 0.3389423076923077 0.38221153846153844
25 0.8425480769230769 0.7524038461538461 0.31009615384615385 0.28846153846153844
25 0.8112980769230769 0.4495192307692308 0.37259615384615385 0.3701923076923077
25 0.11057692307692307 0.5625 0.22115384615384615 0.2403846153846154
25 0.13701923076923078 0.28966346153846156 0.2283653846153846 0.21634615384615385
25 0.20793269230769232 0.8149038461538461 0.19471153846153846 0.2692307692307692