25 0.8713942307692307 0.2536057692307692 0.2091346153846154 0.1778846153846154
25 0.10216346153846154 0.3858173076923077 0.20432692307692307 0.18028846153846154
25 0.08173076923076923 0.5492788461538461 0.16346153846153846 0.18028846153846154
25 0.13942307692307693 0.7259615384615384 0.27403846153846156 0.4182692307692308
25 0.8689903846153846 0.6298076923076923 0.25721153846153844 0.27403846153846156
25 0.8125 0.7584134615384616 0.3701923076923077 0.3485576923076923
25 0.25240384615384615 0.8533653846153846 0.2980769230769231 0.28846153846153844
25 0.5612980769230769 0.8161057692307693 0.38221153846153844 0.3629807692307692
25 0.4326923076923077 0.11658653846153846 0.25 0.23317307692307693
25 0.7115384615384616 0.14182692307692307 0.22355769230769232 0.23798076923076922
25 0.17668269230769232 0.22235576923076922 0.2764423076923077 0.20192307692307693