25 0.08173076923076923 0.32091346153846156 0.16346153846153846 0.16105769230769232
25 0.8689903846153846 0.3016826923076923 0.24759615384615385 0.16105769230769232
25 0.90625 0.4579326923076923 0.18269230769230768 0.17067307692307693
25 0.8713942307692307 0.6418269230769231 0.25240384615384615 0.40384615384615385
25 0.12860576923076922 0.6875 0.25 0.24278846153846154
25 0.19831730769230768 0.8064903846153846 0.3798076923076923 0.3125
25 0.7860576923076923 0.8221153846153846 0.2692307692307692 0.33413461538461536
25 0.47596153846153844 0.8209134615384616 0.35096153846153844 0.35336538461538464
25 0.4651442307692308 0.10576923076923077 0.2283653846153846 0.21153846153846154
25 0.19831730769230768 0.1814903846153846 0.20673076923076922 0.22115384615384615
25 0.7331730769230769 0.15865384615384615 0.2644230769230769 0.18028846153846154