13 0.25841346153846156 0.20432692307692307 0.25961538461538464 0.3557692307692308
26 0.46634615384615385 0.7632211538461539 0.30528846153846156 0.2980769230769231
21 0.5012019230769231 0.5444711538461539 0.3605769230769231 0.3317307692307692
26 0.6646634615384616 0.8894230769230769 0.38221153846153844 0.21634615384615385
26 0.5745192307692307 0.38822115384615385 0.42788461538461536 0.28365384615384615
21 0.6995192307692307 0.6682692307692307 0.4807692307692308 0.5072115384615384
26 0.7596153846153846 0.5192307692307693 0.47596153846153844 0.5576923076923077
13 0.09615384615384616 0.44591346153846156 0.19230769230769232 0.24759615384615385
13 0.11298076923076923 0.5661057692307693 0.22596153846153846 0.3245192307692308
13 0.09495192307692307 0.4050480769230769 0.18990384615384615 0.27163461538461536
33 0.21394230769230768 0.9014423076923077 0.30288461538461536 0.19230769230769232
13 0.12139423076923077 0.3545673076923077 0.24278846153846154 0.31490384615384615
13 0.12259615384615384 0.24639423076923078 0.24519230769230768 0.34375