13 0.7415865384615384 0.20192307692307693 0.2620192307692308 0.34375
26 0.5048076923076923 0.7367788461538461 0.3125 0.30528846153846156
21 0.48197115384615385 0.5204326923076923 0.36538461538461536 0.34134615384615385
26 0.3004807692307692 0.8665865384615384 0.3894230769230769 0.2620192307692308
26 0.41947115384615385 0.36177884615384615 0.42788461538461536 0.2980769230769231
21 0.28125 0.6310096153846154 0.49278846153846156 0.5168269230769231
26 0.23677884615384615 0.48197115384615385 0.4735576923076923 0.5649038461538461
13 0.8966346153846154 0.44350961538461536 0.20192307692307693 0.25240384615384615
13 0.8762019230769231 0.5637019230769231 0.24278846153846154 0.3245192307692308
13 0.8942307692307693 0.40384615384615385 0.20673076923076922 0.27403846153846156
33 0.7487980769230769 0.890625 0.30528846153846156 0.21394230769230768
13 0.8701923076923077 0.35216346153846156 0.2548076923076923 0.31971153846153844
13 0.8713942307692307 0.24879807692307693 0.25240384615384615 0.3485576923076923