13 0.8617788461538461 0.359375 0.27163461538461536 0.24278846153846154
26 0.2956730769230769 0.37740384615384615 0.28846153846153844 0.3004807692307692
21 0.49399038461538464 0.4831730769230769 0.32211538461538464 0.35336538461538464
26 0.10697115384615384 0.5240384615384616 0.21394230769230768 0.3894230769230769
26 0.6213942307692307 0.6057692307692307 0.2692307692307692 0.42788461538461536
21 0.31009615384615385 0.6322115384615384 0.5 0.46634615384615385
26 0.4254807692307692 0.7536057692307693 0.5480769230769231 0.4879807692307692
13 0.7295673076923077 0.11658653846153846 0.23798076923076922 0.20432692307692307
13 0.6057692307692307 0.10697115384615384 0.32211538461538464 0.21394230769230768
13 0.7668269230769231 0.12620192307692307 0.2692307692307692 0.21394230769230768
33 0.23557692307692307 0.11899038461538461 0.21153846153846154 0.23798076923076922
13 0.8064903846153846 0.17668269230769232 0.31009615384615385 0.2403846153846154
13 0.8677884615384616 0.20552884615384615 0.25961538461538464 0.2620192307692308