13 0.6165865384615384 0.71875 0.2860576923076923 0.3125
13 0.5805288461538461 0.8497596153846154 0.2860576923076923 0.22596153846153846
13 0.546875 0.9074519230769231 0.2956730769230769 0.18028846153846154
26 0.6754807692307693 0.10216346153846154 0.18509615384615385 0.1778846153846154
26 0.5805288461538461 0.07211538461538461 0.2091346153846154 0.14423076923076922
26 0.5072115384615384 0.27884615384615385 0.1875 0.21875
26 0.4579326923076923 0.04927884615384615 0.19951923076923078 0.0985576923076923
26 0.4014423076923077 0.23677884615384615 0.20432692307692307 0.3317307692307692
26 0.328125 0.2127403846153846 0.17548076923076922 0.29086538461538464
26 0.3557692307692308 0.027644230769230768 0.15384615384615385 0.055288461538461536
26 0.2668269230769231 0.19471153846153846 0.16105769230769232 0.30288461538461536