13 0.6286057692307693 0.6502403846153846 0.24519230769230768 0.27884615384615385
13 0.625 0.7872596153846154 0.2620192307692308 0.18990384615384615
13 0.6117788461538461 0.8701923076923077 0.2692307692307692 0.18269230769230768
26 0.5408653846153846 0.056490384615384616 0.16346153846153846 0.11298076923076923
26 0.4362980769230769 0.04447115384615385 0.19471153846153846 0.0889423076923077
26 0.4170673076923077 0.24759615384615385 0.16105769230769232 0.19951923076923078
26 0.30649038461538464 0.036057692307692304 0.18269230769230768 0.06490384615384616
26 0.3016826923076923 0.234375 0.15384615384615385 0.3125
26 0.22596153846153846 0.22716346153846154 0.13221153846153846 0.27884615384615385
26 0.19951923076923078 0.03125 0.13701923076923078 0.04807692307692308
26 0.16105769230769232 0.2247596153846154 0.11298076923076923 0.29086538461538464