13 0.3485576923076923 0.3605769230769231 0.30528846153846156 0.27163461538461536
13 0.2091346153846154 0.35216346153846156 0.21394230769230768 0.28125
13 0.12379807692307693 0.359375 0.20673076923076922 0.28846153846153844
26 0.9399038461538461 0.5060096153846154 0.11538461538461539 0.17548076923076922
26 0.9471153846153846 0.6141826923076923 0.10336538461538461 0.20192307692307693
26 0.7391826923076923 0.6117788461538461 0.21634615384615385 0.18028846153846154
26 0.9423076923076923 0.7439903846153846 0.07932692307692307 0.19471153846153846
26 0.7439903846153846 0.7307692307692307 0.3317307692307692 0.18509615384615385
26 0.7439903846153846 0.8100961538461539 0.29086538461538464 0.15865384615384615
26 0.9387019230769231 0.8533653846153846 0.055288461538461536 0.1466346153846154
26 0.7415865384615384 0.875 0.3076923076923077 0.14182692307692307