25 0.18629807692307693 0.3629807692307692 0.13701923076923078 0.20432692307692307
25 0.23197115384615385 0.7704326923076923 0.11538461538461539 0.19230769230769232
25 0.23918269230769232 0.16466346153846154 0.1658653846153846 0.24759615384615385
25 0.359375 0.8846153846153846 0.17548076923076922 0.22596153846153846
25 0.36177884615384615 0.06490384615384616 0.16826923076923078 0.12259615384615384
25 0.5444711538461539 0.06610576923076923 0.15144230769230768 0.13221153846153846
25 0.6706730769230769 0.890625 0.23317307692307693 0.21634615384615385
25 0.7103365384615384 0.1622596153846154 0.2764423076923077 0.3245192307692308
25 0.7956730769230769 0.7475961538461539 0.40384615384615385 0.40865384615384615
25 0.8125 0.3545673076923077 0.37259615384615385 0.4519230769230769
25 0.15745192307692307 0.546875 0.20673076923076922 0.22355769230769232