25 0.2548076923076923 0.18990384615384615 0.2403846153846154 0.1778846153846154
25 0.703125 0.16947115384615385 0.22355769230769232 0.15384615384615385
25 0.09975961538461539 0.27884615384615385 0.19951923076923078 0.21153846153846154
25 0.8497596153846154 0.2860576923076923 0.2692307692307692 0.21394230769230768
25 0.020432692307692308 0.42427884615384615 0.040865384615384616 0.18509615384615385
25 0.039663461538461536 0.6225961538461539 0.07451923076923077 0.16826923076923078
25 0.8870192307692307 0.6237980769230769 0.22115384615384615 0.28125
25 0.17067307692307693 0.7884615384615384 0.30528846153846156 0.33413461538461536
25 0.7620192307692307 0.765625 0.47115384615384615 0.4543269230769231
25 0.35096153846153844 0.8161057692307693 0.5336538461538461 0.3629807692307692
25 0.4483173076923077 0.12620192307692307 0.2692307692307692 0.25240384615384615