25 0.6730769230769231 0.21033653846153846 0.21634615384615385 0.15144230769230768
25 0.25721153846153844 0.22115384615384615 0.19951923076923078 0.12740384615384615
25 0.8689903846153846 0.2824519230769231 0.25721153846153844 0.18028846153846154
25 0.12740384615384615 0.3389423076923077 0.24278846153846154 0.18509615384615385
25 0.9435096153846154 0.41466346153846156 0.10817307692307693 0.18028846153846154
25 0.9350961538461539 0.5997596153846154 0.125 0.15865384615384615
25 0.10697115384615384 0.6550480769230769 0.21394230769230768 0.24759615384615385
25 0.8233173076923077 0.7608173076923077 0.3317307692307692 0.3004807692307692
25 0.23317307692307693 0.7860576923076923 0.43028846153846156 0.41346153846153844
25 0.6262019230769231 0.8197115384615384 0.47836538461538464 0.3557692307692308
25 0.4891826923076923 0.16466346153846154 0.23798076923076922 0.21634615384615385