25 0.1875 0.5973557692307693 0.12980769230769232 0.1875
25 0.2764423076923077 0.7752403846153846 0.18028846153846154 0.20192307692307693
25 0.3701923076923077 0.47836538461538464 0.15625 0.20192307692307693
25 0.39663461538461536 0.8497596153846154 0.20432692307692307 0.2860576923076923
25 0.5600961538461539 0.7415865384615384 0.28846153846153844 0.3004807692307692
25 0.5877403846153846 0.5264423076923077 0.23076923076923078 0.21875
25 0.5889423076923077 0.1141826923076923 0.18509615384615385 0.21394230769230768
25 0.75 0.14783653846153846 0.20673076923076922 0.25721153846153844
25 0.8533653846153846 0.7980769230769231 0.2668269230769231 0.24519230769230768
25 0.8461538461538461 0.359375 0.2668269230769231 0.22115384615384615
25 0.8533653846153846 0.5552884615384616 0.28846153846153844 0.21634615384615385
25 0.11899038461538461 0.44711538461538464 0.15865384615384615 0.21153846153846154
25 0.13701923076923078 0.22235576923076922 0.18990384615384615 0.20192307692307693