25 0.5132211538461539 0.18028846153846154 0.20192307692307693 0.15384615384615385
25 0.7055288461538461 0.22596153846153846 0.22596153846153846 0.20432692307692307
25 0.4387019230769231 0.38461538461538464 0.21875 0.18269230769230768
25 0.8040865384615384 0.32572115384615385 0.3076923076923077 0.2403846153846154
25 0.7355769230769231 0.5084134615384616 0.33653846153846156 0.3269230769230769
25 0.5336538461538461 0.5841346153846154 0.24759615384615385 0.25721153846153844
25 0.1346153846153846 0.6766826923076923 0.23557692307692307 0.2091346153846154
25 0.203125 0.8245192307692307 0.28125 0.23798076923076922
25 0.8557692307692307 0.7788461538461539 0.2764423076923077 0.2956730769230769
25 0.43149038461538464 0.8605769230769231 0.25721153846153844 0.27403846153846156
25 0.6177884615384616 0.8377403846153846 0.25240384615384615 0.31971153846153844
25 0.35216346153846156 0.14783653846153846 0.23076923076923078 0.18509615384615385
25 0.13942307692307693 0.21514423076923078 0.22355769230769232 0.21634615384615385