25 0.43149038461538464 0.19471153846153846 0.1875 0.12980769230769232
25 0.2548076923076923 0.2824519230769231 0.20192307692307693 0.18028846153846154
25 0.5504807692307693 0.3762019230769231 0.20192307692307693 0.15625
25 0.18028846153846154 0.4014423076923077 0.2860576923076923 0.20192307692307693
25 0.28846153846153844 0.5649038461538461 0.2980769230769231 0.28846153846153844
25 0.5024038461538461 0.5925480769230769 0.21875 0.2283653846153846
25 0.9002403846153846 0.5949519230769231 0.19471153846153846 0.18990384615384615
25 0.875 0.7536057692307693 0.24519230769230768 0.2091346153846154
25 0.23197115384615385 0.8569711538461539 0.24519230769230768 0.2644230769230769
25 0.6682692307692307 0.8497596153846154 0.22115384615384615 0.2668269230769231
25 0.47596153846153844 0.8557692307692307 0.21634615384615385 0.28365384615384615
25 0.5817307692307693 0.125 0.21153846153846154 0.15865384615384615
25 0.8052884615384616 0.14302884615384615 0.19951923076923078 0.18990384615384615