1 0.9471153846153846 0.6165865384615384 0.10096153846153846 0.13701923076923078
1 0.8978365384615384 0.3894230769230769 0.18028846153846154 0.14903846153846154
1 0.90625 0.5144230769230769 0.1466346153846154 0.1346153846153846
1 0.8161057692307693 0.3125 0.1778846153846154 0.10336538461538461
1 0.8605769230769231 0.6418269230769231 0.1201923076923077 0.13221153846153846
1 0.7824519230769231 0.5348557692307693 0.17548076923076922 0.1346153846153846
1 0.734375 0.4375 0.1346153846153846 0.125
1 0.7596153846153846 0.625 0.14423076923076922 0.11538461538461539
1 0.6911057692307693 0.3605769230769231 0.13701923076923078 0.1658653846153846
1 0.6502403846153846 0.5036057692307693 0.11298076923076923 0.13701923076923078
1 0.6598557692307693 0.625 0.17548076923076922 0.1466346153846154
1 0.5829326923076923 0.3713942307692308 0.14423076923076922 0.15144230769230768
1 0.5528846153846154 0.59375 0.13701923076923078 0.1658653846153846
1 0.53125 0.5012019230769231 0.16346153846153846 0.13221153846153846
1 0.5324519230769231 0.6923076923076923 0.1346153846153846 0.1466346153846154
1 0.4699519230769231 0.43028846153846156 0.13701923076923078 0.16105769230769232
1 0.4567307692307692 0.5805288461538461 0.11057692307692307 0.1466346153846154
1 0.40384615384615385 0.33413461538461536 0.14903846153846154 0.14423076923076922
1 0.3713942307692308 0.4483173076923077 0.12259615384615384 0.1466346153846154
1 0.9591346153846154 0.46634615384615385 0.07692307692307693 0.16826923076923078
1 0.39783653846153844 0.703125 0.17307692307692307 0.10096153846153846
1 0.4074519230769231 0.7692307692307693 0.16826923076923078 0.10096153846153846
1 0.36538461538461536 0.6081730769230769 0.12980769230769232 0.15144230769230768
1 0.27524038461538464 0.43028846153846156 0.1346153846153846 0.14182692307692307
1 0.2980769230769231 0.6634615384615384 0.1201923076923077 0.15384615384615385
1 0.2644230769230769 0.5456730769230769 0.1778846153846154 0.125
1 0.2668269230769231 0.7680288461538461 0.17067307692307693 0.11057692307692307
1 0.20793269230769232 0.6670673076923077 0.11298076923076923 0.13701923076923078
1 0.16346153846153846 0.4495192307692308 0.16346153846153846 0.13701923076923078
1 0.09735576923076923 0.375 0.19471153846153846 0.11057692307692307
1 0.10697115384615384 0.5456730769230769 0.17548076923076922 0.1201923076923077
1 0.1141826923076923 0.640625 0.13701923076923078 0.13701923076923078
1 0.11177884615384616 0.7355769230769231 0.16346153846153846 0.08653846153846154
1 0.054086538461538464 0.46033653846153844 0.10817307692307693 0.15625
1 0.051682692307692304 0.6694711538461539 0.07692307692307693 0.125