1 0.3293269230769231 0.10216346153846154 0.11778846153846154 0.10336538461538461
1 0.5480769230769231 0.1045673076923077 0.13221153846153846 0.16346153846153846
1 0.4326923076923077 0.125 0.1201923076923077 0.12980769230769232
1 0.6370192307692307 0.16105769230769232 0.08653846153846154 0.16105769230769232
1 0.3269230769230769 0.19591346153846154 0.11778846153846154 0.10576923076923077
1 0.4423076923076923 0.2403846153846154 0.11778846153846154 0.15865384615384615
1 0.5420673076923077 0.26322115384615385 0.11057692307692307 0.1201923076923077
1 0.36658653846153844 0.28365384615384615 0.0985576923076923 0.12980769230769232
1 0.6225961538461539 0.2848557692307692 0.14903846153846154 0.12259615384615384
1 0.5 0.3545673076923077 0.125 0.09615384615384616
1 0.3858173076923077 0.3737980769230769 0.12740384615384615 0.15865384615384615
1 0.6358173076923077 0.3858173076923077 0.13701923076923078 0.12740384615384615
1 0.43990384615384615 0.4639423076923077 0.14903846153846154 0.12259615384615384
1 0.5300480769230769 0.46274038461538464 0.11298076923076923 0.1466346153846154
1 0.3557692307692308 0.5036057692307693 0.12980769230769232 0.11778846153846154
1 0.609375 0.5024038461538461 0.1466346153846154 0.1201923076923077
1 0.4723557692307692 0.5480769230769231 0.13221153846153846 0.09615384615384616
1 0.7115384615384616 0.5408653846153846 0.12980769230769232 0.1346153846153846
1 0.6129807692307693 0.5961538461538461 0.13221153846153846 0.10576923076923077
1 0.46274038461538464 0.04927884615384615 0.15625 0.0985576923076923
1 0.375 0.6298076923076923 0.08413461538461539 0.15865384615384615
1 0.3137019230769231 0.6370192307692307 0.08413461538461539 0.15144230769230768
1 0.47115384615384615 0.6394230769230769 0.1346153846153846 0.11057692307692307
1 0.6538461538461539 0.6790865384615384 0.12980769230769232 0.11778846153846154
1 0.4338942307692308 0.7103365384615384 0.13701923076923078 0.10336538461538461
1 0.5504807692307693 0.7151442307692307 0.10817307692307693 0.16105769230769232
1 0.3473557692307692 0.7644230769230769 0.09375 0.15625
1 0.4519230769230769 0.7944711538461539 0.12259615384615384 0.09615384615384616
1 0.6598557692307693 0.7860576923076923 0.12259615384615384 0.1466346153846154
1 0.7439903846153846 0.8341346153846154 0.09134615384615384 0.1875
1 0.5853365384615384 0.8581730769230769 0.10336538461538461 0.15865384615384615
1 0.49759615384615385 0.8725961538461539 0.12259615384615384 0.1201923076923077
1 0.4110576923076923 0.9014423076923077 0.06971153846153846 0.15625
1 0.6778846153846154 0.9002403846153846 0.13942307692307693 0.11778846153846154
1 0.48677884615384615 0.9507211538461539 0.11778846153846154 0.09615384615384616