1 0.0985576923076923 0.6177884615384616 0.10096153846153846 0.11778846153846154
1 0.12860576923076922 0.39302884615384615 0.16346153846153846 0.12740384615384615
1 0.1346153846153846 0.5144230769230769 0.12980769230769232 0.11778846153846154
1 0.1971153846153846 0.3088942307692308 0.16346153846153846 0.08173076923076923
1 0.19230769230769232 0.6310096153846154 0.10576923076923077 0.11538461538461539
1 0.2548076923076923 0.5192307692307693 0.16105769230769232 0.11298076923076923
1 0.28966346153846156 0.41947115384615385 0.12259615384615384 0.11057692307692307
1 0.28846153846153844 0.6033653846153846 0.12740384615384615 0.09615384615384616
1 0.3245192307692308 0.3401442307692308 0.11778846153846154 0.14903846153846154
1 0.3798076923076923 0.4735576923076923 0.09615384615384616 0.125
1 0.38461538461538464 0.5925480769230769 0.15865384615384615 0.125
1 0.42908653846153844 0.33774038461538464 0.12740384615384615 0.13701923076923078
1 0.484375 0.5504807692307693 0.11778846153846154 0.14903846153846154
1 0.49278846153846156 0.4567307692307692 0.1466346153846154 0.11057692307692307
1 0.5144230769230769 0.640625 0.11538461538461539 0.12980769230769232
1 0.5444711538461539 0.38100961538461536 0.11538461538461539 0.1466346153846154
1 0.5745192307692307 0.5252403846153846 0.09375 0.13221153846153846
1 0.5961538461538461 0.28125 0.13221153846153846 0.12740384615384615
1 0.640625 0.38822115384615385 0.10576923076923077 0.12980769230769232
1 0.052884615384615384 0.4723557692307692 0.10576923076923077 0.15384615384615385
1 0.6454326923076923 0.6358173076923077 0.16105769230769232 0.08173076923076923
1 0.6442307692307693 0.6995192307692307 0.15625 0.07932692307692307
1 0.6670673076923077 0.5396634615384616 0.11057692307692307 0.13701923076923078
1 0.7319711538461539 0.359375 0.11538461538461539 0.12740384615384615
1 0.7367788461538461 0.5865384615384616 0.10096153846153846 0.13701923076923078
1 0.7560096153846154 0.4675480769230769 0.16105769230769232 0.10336538461538461
1 0.78125 0.6826923076923077 0.15625 0.09134615384615384
1 0.8257211538461539 0.578125 0.09615384615384616 0.12259615384615384
1 0.8425480769230769 0.3641826923076923 0.1466346153846154 0.11778846153846154
1 0.9014423076923077 0.2848557692307692 0.18990384615384615 0.08413461538461539
1 0.9074519230769231 0.4495192307692308 0.16105769230769232 0.10096153846153846
1 0.9110576923076923 0.5420673076923077 0.1201923076923077 0.1201923076923077
1 0.921875 0.6334134615384616 0.1466346153846154 0.0673076923076923
1 0.9507211538461539 0.3605769230769231 0.09375 0.13942307692307693
1 0.9699519230769231 0.5637019230769231 0.055288461538461536 0.1201923076923077