1 0.07692307692307693 0.18990384615384615 0.15384615384615385 0.20192307692307693
1 0.18629807692307693 0.4483173076923077 0.2644230769230769 0.33413461538461536
1 0.2920673076923077 0.6610576923076923 0.3557692307692308 0.23317307692307693
1 0.3076923076923077 0.11899038461538461 0.22596153846153846 0.21875
1 0.5024038461538461 0.53125 0.28125 0.16826923076923078
1 0.4855769230769231 0.3004807692307692 0.37259615384615385 0.23798076923076922
1 0.6069711538461539 0.6814903846153846 0.2668269230769231 0.30288461538461536
1 0.6850961538461539 0.9110576923076923 0.2956730769230769 0.16826923076923078
1 0.7067307692307693 0.5096153846153846 0.2091346153846154 0.3004807692307692
1 0.7079326923076923 0.13701923076923078 0.28125 0.2620192307692308
1 0.8112980769230769 0.2127403846153846 0.31971153846153844 0.21394230769230768
1 0.8509615384615384 0.4206730769230769 0.1971153846153846 0.20673076923076922
1 0.8810096153846154 0.5925480769230769 0.23317307692307693 0.24278846153846154
1 0.9050480769230769 0.7824519230769231 0.18509615384615385 0.17067307692307693