1 0.18389423076923078 0.07451923076923077 0.19951923076923078 0.14903846153846154
1 0.4362980769230769 0.18509615384615385 0.3317307692307692 0.2644230769230769
1 0.6442307692307693 0.2932692307692308 0.23317307692307693 0.35096153846153844
1 0.11538461538461539 0.2980769230769231 0.20673076923076922 0.22355769230769232
1 0.5132211538461539 0.4963942307692308 0.16826923076923078 0.2764423076923077
1 0.28725961538461536 0.47596153846153844 0.23798076923076922 0.36538461538461536
1 0.6586538461538461 0.6021634615384616 0.30288461538461536 0.2668269230769231
1 0.8978365384615384 0.6838942307692307 0.19471153846153846 0.2956730769230769
1 0.4879807692307692 0.6959134615384616 0.3004807692307692 0.21394230769230768
1 0.12740384615384615 0.6911057692307693 0.2548076923076923 0.28125
1 0.1935096153846154 0.8004807692307693 0.21394230769230768 0.3293269230769231
1 0.39783653846153844 0.8365384615384616 0.20673076923076922 0.19471153846153846
1 0.5673076923076923 0.875 0.24519230769230768 0.24519230769230768
1 0.7536057692307693 0.9002403846153846 0.17548076923076922 0.19471153846153846