1 0.22355769230769232 0.8822115384615384 0.1466346153846154 0.08653846153846154
1 0.2608173076923077 0.3389423076923077 0.20192307692307693 0.12740384615384615
1 0.3233173076923077 0.5072115384615384 0.16105769230769232 0.09375
1 0.375 0.4362980769230769 0.15625 0.09375
1 0.3798076923076923 0.5997596153846154 0.17067307692307693 0.1201923076923077
1 0.41346153846153844 0.9399038461538461 0.20432692307692307 0.08173076923076923
1 0.4338942307692308 0.7548076923076923 0.13221153846153846 0.11778846153846154
1 0.5276442307692307 0.2548076923076923 0.13701923076923078 0.1346153846153846
1 0.5480769230769231 0.7680288461538461 0.14903846153846154 0.09615384615384616
1 0.5492788461538461 0.5372596153846154 0.18269230769230768 0.09134615384615384
1 0.5540865384615384 0.40625 0.12980769230769232 0.15625
1 0.5805288461538461 0.6117788461538461 0.18269230769230768 0.055288461538461536
1 0.5817307692307693 0.6646634615384616 0.1778846153846154 0.07692307692307693
1 0.6730769230769231 0.3641826923076923 0.15144230769230768 0.11298076923076923
1 0.7463942307692307 0.4519230769230769 0.18990384615384615 0.0889423076923077
1 0.7692307692307693 0.5384615384615384 0.18269230769230768 0.0889423076923077
1 0.07692307692307693 0.7632211538461539 0.11298076923076923 0.0985576923076923
1 0.14302884615384615 0.6165865384615384 0.1346153846153846 0.0673076923076923
1 0.1502403846153846 0.5564903846153846 0.11298076923076923 0.07692307692307693