1 0.7848557692307693 0.078125 0.15625 0.0985576923076923
1 0.7860576923076923 0.6490384615384616 0.21634615384615385 0.1466346153846154
1 0.7079326923076923 0.47836538461538464 0.17307692307692307 0.11057692307692307
1 0.6586538461538461 0.5552884615384616 0.16826923076923078 0.11057692307692307
1 0.6418269230769231 0.3858173076923077 0.18269230769230768 0.13701923076923078
1 0.5793269230769231 0.042067307692307696 0.22596153846153846 0.08413461538461539
1 0.5745192307692307 0.22716346153846154 0.14423076923076922 0.13221153846153846
1 0.5132211538461539 0.7572115384615384 0.15144230769230768 0.15144230769230768
1 0.45552884615384615 0.22115384615384615 0.16105769230769232 0.11057692307692307
1 0.47115384615384615 0.46274038461538464 0.19471153846153846 0.10817307692307693
1 0.47475961538461536 0.5997596153846154 0.1466346153846154 0.17307692307692307
1 0.4326923076923077 0.38822115384615385 0.19471153846153846 0.07451923076923077
1 0.4266826923076923 0.3329326923076923 0.1875 0.09375
1 0.35336538461538464 0.6514423076923077 0.16346153846153846 0.12740384615384615
1 0.2704326923076923 0.5649038461538461 0.20192307692307693 0.10817307692307693
1 0.2403846153846154 0.47716346153846156 0.19471153846153846 0.10817307692307693
1 0.9290865384615384 0.19230769230769232 0.09615384615384616 0.11298076923076923
1 0.8870192307692307 0.34975961538461536 0.14423076923076922 0.07932692307692307
1 0.8846153846153846 0.41346153846153844 0.125 0.08653846153846154