1 0.17307692307692307 0.9050480769230769 0.15865384615384615 0.18509615384615385
1 0.21514423076923078 0.6298076923076923 0.2620192307692308 0.33413461538461536
1 0.2644230769230769 0.3942307692307692 0.3581730769230769 0.2283653846153846
1 0.421875 0.9038461538461539 0.2283653846153846 0.1875
1 0.5024038461538461 0.4675480769230769 0.27884615384615385 0.1658653846153846
1 0.546875 0.6947115384615384 0.37259615384615385 0.23317307692307693
1 0.5649038461538461 0.2920673076923077 0.2620192307692308 0.30528846153846156
1 0.5817307692307693 0.06610576923076923 0.2932692307692308 0.13221153846153846
1 0.7079326923076923 0.4338942307692308 0.21153846153846154 0.30288461538461536
1 0.8052884615384616 0.796875 0.28125 0.25961538461538464
1 0.8617788461538461 0.6983173076923077 0.27163461538461536 0.2091346153846154
1 0.8725961538461539 0.4831730769230769 0.19471153846153846 0.20673076923076922
1 0.8641826923076923 0.30408653846153844 0.25 0.23798076923076922
1 0.8497596153846154 0.109375 0.22355769230769232 0.16346153846153846