1 0.7740384615384616 0.7331730769230769 0.39663461538461536 0.25240384615384615
1 0.7800480769230769 0.21754807692307693 0.43509615384615385 0.18028846153846154
1 0.7151442307692307 0.890625 0.3581730769230769 0.21394230769230768
1 0.6165865384615384 0.5492788461538461 0.43509615384615385 0.2091346153846154
1 0.4170673076923077 0.8786057692307693 0.4110576923076923 0.23798076923076922
1 0.375 0.6947115384615384 0.36778846153846156 0.24759615384615385
1 0.3918269230769231 0.04927884615384615 0.4182692307692308 0.0985576923076923
1 0.34375 0.29927884615384615 0.4326923076923077 0.1875
1 0.30528846153846156 0.47115384615384615 0.22596153846153846 0.2283653846153846
1 0.2848557692307692 0.17427884615384615 0.43509615384615385 0.19471153846153846
1 0.12379807692307693 0.8701923076923077 0.24759615384615385 0.1875
1 0.10576923076923077 0.41466346153846156 0.21153846153846154 0.31490384615384615
1 0.8100961538461539 0.375 0.375 0.18269230769230768