1 0.8088942307692307 0.6538461538461539 0.37740384615384615 0.3269230769230769
1 0.71875 0.12620192307692307 0.4495192307692308 0.25240384615384615
1 0.8112980769230769 0.8317307692307693 0.37259615384615385 0.28846153846153844
1 0.6442307692307693 0.5012019230769231 0.47836538461538464 0.28365384615384615
1 0.515625 0.8641826923076923 0.45913461538461536 0.2668269230769231
1 0.4338942307692308 0.7067307692307693 0.4206730769230769 0.3125
1 0.3016826923076923 0.06370192307692307 0.43990384615384615 0.12740384615384615
1 0.3088942307692308 0.31009615384615385 0.4735576923076923 0.2644230769230769
1 0.3076923076923077 0.4951923076923077 0.27163461538461536 0.27163461538461536
1 0.2283653846153846 0.19591346153846154 0.4567307692307692 0.27163461538461536
1 0.21394230769230768 0.9146634615384616 0.2932692307692308 0.1658653846153846
1 0.1141826923076923 0.4831730769230769 0.2283653846153846 0.3557692307692308
1 0.7836538461538461 0.27884615384615385 0.38221153846153844 0.24278846153846154