1 0.78125 0.7115384615384616 0.4230769230769231 0.28125
1 0.7824519230769231 0.16105769230769232 0.43028846153846156 0.20673076923076922
1 0.7223557692307693 0.8810096153846154 0.3870192307692308 0.23317307692307693
1 0.6213942307692307 0.5144230769230769 0.4639423076923077 0.23076923076923078
1 0.4014423076923077 0.8641826923076923 0.4423076923076923 0.2668269230769231
1 0.3629807692307692 0.6658653846153846 0.39663461538461536 0.2692307692307692
1 0.390625 0.016826923076923076 0.44471153846153844 0.03365384615384615
1 0.33653846153846156 0.2439903846153846 0.46634615384615385 0.21153846153846154
1 0.2920673076923077 0.4266826923076923 0.24519230769230768 0.24759615384615385
1 0.2764423076923077 0.10817307692307693 0.4639423076923077 0.21634615384615385
1 0.11298076923076923 0.8485576923076923 0.22596153846153846 0.20192307692307693
1 0.0985576923076923 0.3605769230769231 0.19471153846153846 0.33653846153846156
1 0.8125 0.3317307692307692 0.3701923076923077 0.20673076923076922