1 0.8389423076923077 0.9098557692307693 0.15625 0.0889423076923077
1 0.8004807692307693 0.328125 0.21394230769230768 0.13701923076923078
1 0.7319711538461539 0.5072115384615384 0.17067307692307693 0.10096153846153846
1 0.6766826923076923 0.4326923076923077 0.1658653846153846 0.0985576923076923
1 0.6706730769230769 0.6069711538461539 0.18028846153846154 0.12740384615384615
1 0.6346153846153846 0.9615384615384616 0.22596153846153846 0.07211538461538461
1 0.6141826923076923 0.7740384615384616 0.14182692307692307 0.125
1 0.5132211538461539 0.23798076923076922 0.1466346153846154 0.14182692307692307
1 0.49158653846153844 0.7872596153846154 0.15865384615384615 0.10336538461538461
1 0.49038461538461536 0.5408653846153846 0.19471153846153846 0.0985576923076923
1 0.4855769230769231 0.4014423076923077 0.13701923076923078 0.1658653846153846
1 0.4567307692307692 0.6189903846153846 0.19471153846153846 0.06009615384615385
1 0.4543269230769231 0.6754807692307693 0.18990384615384615 0.08173076923076923
1 0.3581730769230769 0.3557692307692308 0.16105769230769232 0.11778846153846154
1 0.2800480769230769 0.45072115384615385 0.20192307692307693 0.09375
1 0.25600961538461536 0.5420673076923077 0.19471153846153846 0.09615384615384616
1 0.9627403846153846 0.7836538461538461 0.0625 0.10817307692307693
1 0.9242788461538461 0.625 0.14423076923076922 0.07211538461538461
1 0.9158653846153846 0.5600961538461539 0.12259615384615384 0.08173076923076923