2 0.31850961538461536 0.17668269230769232 0.3269230769230769 0.34134615384615385
2 0.8293269230769231 0.1778846153846154 0.28365384615384615 0.3557692307692308
2 0.6009615384615384 0.21754807692307693 0.3942307692307692 0.43509615384615385
2 0.19471153846153846 0.45552884615384615 0.3317307692307692 0.46153846153846156
2 0.5408653846153846 0.47716346153846156 0.4423076923076923 0.6129807692307693
2 0.07692307692307693 0.6875 0.14903846153846154 0.2956730769230769
2 0.9651442307692307 0.6334134615384616 0.06490384615384616 0.3870192307692308
2 0.8076923076923077 0.7115384615384616 0.3798076923076923 0.5096153846153846
2 0.18990384615384615 0.8293269230769231 0.3125 0.33653846153846156
2 0.46274038461538464 0.8016826923076923 0.36778846153846156 0.3918269230769231
2 0.6189903846153846 0.9242788461538461 0.30528846153846156 0.1466346153846154