2 0.13942307692307693 0.36658653846153844 0.27884615384615385 0.2956730769230769
2 0.23317307692307693 0.8713942307692307 0.4230769230769231 0.25240384615384615
2 0.22235576923076922 0.6298076923076923 0.44471153846153844 0.34615384615384615
2 0.34975961538461536 0.16826923076923078 0.4326923076923077 0.2860576923076923
2 0.47115384615384615 0.4879807692307692 0.5745192307692307 0.375
2 0.5396634615384616 0.025240384615384616 0.2860576923076923 0.05048076923076923
2 0.7572115384615384 0.9134615384615384 0.3870192307692308 0.15865384615384615
2 0.7740384615384616 0.7175480769230769 0.44711538461538464 0.4254807692307692
2 0.7596153846153846 0.0889423076923077 0.4230769230769231 0.1778846153846154
2 0.7848557692307693 0.31490384615384615 0.4206730769230769 0.3245192307692308
2 0.9290865384615384 0.43149038461538464 0.13701923076923078 0.2956730769230769