4 0.8329326923076923 0.8641826923076923 0.15144230769230768 0.12259615384615384
4 0.7764423076923077 0.8197115384615384 0.15384615384615385 0.13701923076923078
4 0.7584134615384616 0.9483173076923077 0.12980769230769232 0.06009615384615385
4 0.6899038461538461 0.7860576923076923 0.15865384615384615 0.14423076923076922
4 0.6899038461538461 0.9266826923076923 0.15625 0.11778846153846154
4 0.6189903846153846 0.9026442307692307 0.16826923076923078 0.16105769230769232
4 0.5865384615384616 0.7007211538461539 0.14423076923076922 0.125
4 0.5504807692307693 0.49399038461538464 0.16105769230769232 0.08173076923076923
4 0.5408653846153846 0.8786057692307693 0.14903846153846154 0.1466346153846154
4 0.5132211538461539 0.6586538461538461 0.1346153846153846 0.10096153846153846
4 0.44471153846153844 0.625 0.17067307692307693 0.12740384615384615
4 0.46153846153846156 0.8509615384615384 0.16826923076923078 0.12740384615384615
4 0.41225961538461536 0.8004807692307693 0.16105769230769232 0.15625
4 0.37740384615384615 0.5985576923076923 0.1778846153846154 0.125
4 0.3557692307692308 0.7560096153846154 0.13942307692307693 0.14423076923076922
4 0.3088942307692308 0.7211538461538461 0.13942307692307693 0.13942307692307693