4 0.06490384615384616 0.28966346153846156 0.125 0.15865384615384615
4 0.12139423076923077 0.33653846153846156 0.13942307692307693 0.15625
4 0.014423076923076924 0.3858173076923077 0.028846153846153848 0.13701923076923078
4 0.17548076923076922 0.4170673076923077 0.1466346153846154 0.16346153846153846
4 0.046875 0.4495192307692308 0.09375 0.16346153846153846
4 0.08052884615384616 0.5180288461538461 0.16105769230769232 0.17548076923076922
4 0.28725961538461536 0.5024038461538461 0.12980769230769232 0.15144230769230768
4 0.5072115384615384 0.49038461538461536 0.08173076923076923 0.1658653846153846
4 0.11658653846153846 0.5913461538461539 0.15384615384615385 0.15384615384615385
4 0.3485576923076923 0.5661057692307693 0.10336538461538461 0.13942307692307693
4 0.39783653846153844 0.6286057692307693 0.12980769230769232 0.1778846153846154
4 0.16466346153846154 0.6646634615384616 0.12980769230769232 0.17548076923076922
4 0.22716346153846154 0.7043269230769231 0.15865384615384615 0.16826923076923078
4 0.4411057692307692 0.6911057692307693 0.12740384615384615 0.18269230769230768
4 0.2860576923076923 0.7512019230769231 0.14903846153846154 0.14423076923076922
4 0.3317307692307692 0.7896634615384616 0.14182692307692307 0.14182692307692307