4 0.8149038461538461 0.8689903846153846 0.14903846153846154 0.1201923076923077
4 0.7584134615384616 0.8245192307692307 0.14903846153846154 0.13221153846153846
4 0.7379807692307693 0.9519230769230769 0.12980769230769232 0.06009615384615385
4 0.6742788461538461 0.7908653846153846 0.15625 0.13942307692307693
4 0.671875 0.9302884615384616 0.15144230769230768 0.11778846153846154
4 0.6009615384615384 0.9050480769230769 0.16346153846153846 0.15865384615384615
4 0.5733173076923077 0.7055288461538461 0.14182692307692307 0.12259615384615384
4 0.5408653846153846 0.49759615384615385 0.15865384615384615 0.07932692307692307
4 0.5240384615384616 0.8798076923076923 0.1466346153846154 0.14423076923076922
4 0.5012019230769231 0.6610576923076923 0.12980769230769232 0.0985576923076923
4 0.43509615384615385 0.6262019230769231 0.1658653846153846 0.12259615384615384
4 0.44711538461538464 0.8497596153846154 0.16346153846153846 0.1201923076923077
4 0.39903846153846156 0.7992788461538461 0.15865384615384615 0.15144230769230768
4 0.36778846153846156 0.5985576923076923 0.17307692307692307 0.12259615384615384
4 0.3425480769230769 0.7548076923076923 0.13701923076923078 0.14182692307692307
4 0.2980769230769231 0.7199519230769231 0.1346153846153846 0.13701923076923078