6 0.609375 0.46153846153846156 0.2932692307692308 0.20673076923076922
6 0.515625 0.24759615384615385 0.3629807692307692 0.23557692307692307
6 0.4579326923076923 0.859375 0.3317307692307692 0.21875
6 0.4206730769230769 0.6935096153846154 0.34615384615384615 0.24278846153846154
6 0.4699519230769231 0.10096153846153846 0.31009615384615385 0.20192307692307693
6 0.37259615384615385 0.34615384615384615 0.3125 0.21634615384615385
6 0.31490384615384615 0.5384615384615384 0.3125 0.22596153846153846
6 0.8149038461538461 0.2860576923076923 0.2764423076923077 0.17548076923076922
6 0.7908653846153846 0.41947115384615385 0.25721153846153844 0.21153846153846154
6 0.7536057692307693 0.7764423076923077 0.31009615384615385 0.20192307692307693
6 0.7283653846153846 0.6310096153846154 0.3485576923076923 0.25
6 0.7415865384615384 0.1502403846153846 0.27163461538461536 0.18028846153846154