6 0.40625 0.5420673076923077 0.32211538461538464 0.24759615384615385
6 0.5649038461538461 0.7211538461538461 0.3894230769230769 0.2860576923076923
6 0.43149038461538464 0.1201923076923077 0.36778846153846156 0.2403846153846154
6 0.5180288461538461 0.25600961538461536 0.37740384615384615 0.29086538461538464
6 0.6598557692307693 0.8557692307692307 0.33413461538461536 0.2548076923076923
6 0.6742788461538461 0.5793269230769231 0.3389423076923077 0.25961538461538464
6 0.6694711538461539 0.375 0.34134615384615385 0.2692307692307692
6 0.2620192307692308 0.7788461538461539 0.3004807692307692 0.21394230769230768
6 0.2439903846153846 0.640625 0.28365384615384615 0.24759615384615385
6 0.16826923076923078 0.2800480769230769 0.33653846153846156 0.24759615384615385
6 0.23677884615384615 0.41346153846153844 0.38461538461538464 0.2980769230769231
6 0.3762019230769231 0.8870192307692307 0.2980769230769231 0.21875