6 0.39302884615384615 0.47475961538461536 0.3389423076923077 0.2620192307692308
6 0.4567307692307692 0.23317307692307693 0.41346153846153844 0.30528846153846156
6 0.6225961538461539 0.8617788461538461 0.38461538461538464 0.27163461538461536
6 0.6322115384615384 0.6862980769230769 0.39903846153846156 0.3076923076923077
6 0.4891826923076923 0.10216346153846154 0.35336538461538464 0.20432692307692307
6 0.625 0.3125 0.3557692307692308 0.27163461538461536
6 0.71875 0.5048076923076923 0.3605769230769231 0.28365384615384615
6 0.15264423076923078 0.3245192307692308 0.30528846153846156 0.23076923076923078
6 0.19471153846153846 0.45913461538461536 0.2956730769230769 0.25721153846153844
6 0.2932692307692308 0.8305288461538461 0.35336538461538464 0.2620192307692308
6 0.2956730769230769 0.671875 0.40625 0.3173076923076923
6 0.20192307692307693 0.16947115384615385 0.3125 0.23317307692307693