10 0.14423076923076922 0.5552884615384616 0.28846153846153844 0.11057692307692307
10 0.2283653846153846 0.055288461538461536 0.42788461538461536 0.11057692307692307
10 0.22115384615384615 0.27163461538461536 0.43028846153846156 0.12259615384615384
10 0.21514423076923078 0.6875 0.3798076923076923 0.14903846153846154
10 0.22235576923076922 0.7716346153846154 0.37740384615384615 0.14182692307692307
10 0.2860576923076923 0.43028846153846156 0.35336538461538464 0.11298076923076923
10 0.2824519230769231 0.8990384615384616 0.34615384615384615 0.19471153846153846
10 0.2980769230769231 0.5612980769230769 0.375 0.1466346153846154
10 0.5240384615384616 0.7415865384615384 0.4639423076923077 0.24278846153846154
10 0.5649038461538461 0.203125 0.22115384615384615 0.35336538461538464
10 0.5673076923076923 0.46875 0.4543269230769231 0.10336538461538461
10 0.6862980769230769 0.16105769230769232 0.25721153846153844 0.31490384615384615
10 0.7728365384615384 0.8257211538461539 0.24759615384615385 0.34375
10 0.796875 0.359375 0.4014423076923077 0.18028846153846154
10 0.8016826923076923 0.359375 0.3918269230769231 0.18509615384615385
10 0.8329326923076923 0.1346153846153846 0.3293269230769231 0.2548076923076923
10 0.875 0.6514423076923077 0.2403846153846154 0.16826923076923078
10 0.9387019230769231 0.15384615384615385 0.11778846153846154 0.27884615384615385
10 0.11778846153846154 0.13822115384615385 0.21634615384615385 0.12740384615384615