8 0.8485576923076923 0.8389423076923077 0.23798076923076922 0.19471153846153846
8 0.7235576923076923 0.28725961538461536 0.22596153846153846 0.23076923076923078
8 0.6742788461538461 0.515625 0.23557692307692307 0.15865384615384615
8 0.6009615384615384 0.6995192307692307 0.2932692307692308 0.28846153846153844
8 0.5805288461538461 0.9230769230769231 0.4014423076923077 0.14903846153846154
8 0.5661057692307693 0.37259615384615385 0.2668269230769231 0.23076923076923078
8 0.5576923076923077 0.22355769230769232 0.23317307692307693 0.20192307692307693
8 0.3942307692307692 0.1346153846153846 0.20192307692307693 0.15865384615384615
8 0.3605769230769231 0.6538461538461539 0.3173076923076923 0.19230769230769232
8 0.3269230769230769 0.39663461538461536 0.375 0.27403846153846156
10 0.28125 0.78125 0.4735576923076923 0.2692307692307692
10 0.2692307692307692 0.6814903846153846 0.42788461538461536 0.27403846153846156
10 0.2704326923076923 0.9038461538461539 0.5408653846153846 0.1875
10 0.1622596153846154 0.3016826923076923 0.32211538461538464 0.4567307692307692
8 0.9098557692307693 0.65625 0.17548076923076922 0.16826923076923078
8 0.09375 0.8185096153846154 0.18509615384615385 0.18990384615384615