10 0.8341346153846154 0.39663461538461536 0.31490384615384615 0.15865384615384615
10 0.8197115384615384 0.9050480769230769 0.3557692307692308 0.15144230769230768
10 0.7932692307692307 0.6995192307692307 0.40865384615384615 0.1971153846153846
10 0.7271634615384616 0.28125 0.40625 0.21153846153846154
10 0.6995192307692307 0.1971153846153846 0.40384615384615385 0.20432692307692307
10 0.7151442307692307 0.5540865384615384 0.375 0.17307692307692307
10 0.609375 0.10576923076923077 0.38221153846153844 0.21153846153846154
10 0.6730769230769231 0.4254807692307692 0.39903846153846156 0.20673076923076922
10 0.4050480769230769 0.296875 0.5048076923076923 0.31490384615384615
10 0.48677884615384615 0.8233173076923077 0.28125 0.3485576923076923
10 0.42427884615384615 0.5805288461538461 0.4735576923076923 0.17307692307692307
10 0.375 0.8677884615384616 0.2980769230769231 0.25961538461538464
10 0.14423076923076922 0.2536057692307692 0.28846153846153844 0.41586538461538464
10 0.23197115384615385 0.7427884615384616 0.40384615384615385 0.23798076923076922
10 0.2283653846153846 0.7415865384615384 0.39663461538461536 0.2403846153846154
10 0.24278846153846154 0.9110576923076923 0.35096153846153844 0.17307692307692307
10 0.10576923076923077 0.4651442307692308 0.21153846153846154 0.20432692307692307
10 0.12980769230769232 0.9158653846153846 0.13942307692307693 0.16346153846153846
10 0.9158653846153846 0.8100961538461539 0.16346153846153846 0.16826923076923078