8 0.19591346153846154 0.12259615384615384 0.28365384615384615 0.24519230769230768
8 0.23677884615384615 0.7247596153846154 0.2764423076923077 0.28125
8 0.3269230769230769 0.49158653846153844 0.27403846153846156 0.20432692307692307
8 0.43509615384615385 0.31009615384615385 0.3557692307692308 0.35336538461538464
8 0.49399038461538464 0.09615384615384616 0.4495192307692308 0.19230769230769232
8 0.41586538461538464 0.6610576923076923 0.31971153846153844 0.2860576923076923
8 0.4014423076923077 0.8197115384615384 0.28125 0.25240384615384615
8 0.5612980769230769 0.9182692307692307 0.24278846153846154 0.15865384615384615
8 0.6802884615384616 0.39783653846153844 0.36778846153846156 0.2548076923076923
8 0.6730769230769231 0.6742788461538461 0.4423076923076923 0.35336538461538464
10 0.7548076923076923 0.27884615384615385 0.4855769230769231 0.36538461538461536
10 0.765625 0.3858173076923077 0.4639423076923077 0.3629807692307692
10 0.7584134615384616 0.14423076923076922 0.47836538461538464 0.28365384615384615
10 0.8076923076923077 0.765625 0.3701923076923077 0.4639423076923077
8 0.11057692307692307 0.30408653846153844 0.1971153846153846 0.20192307692307693
8 0.9375 0.2668269230769231 0.1201923076923077 0.22596153846153846