10 0.8605769230769231 0.421875 0.27403846153846156 0.10336538461538461
10 0.7920673076923077 0.9423076923076923 0.4110576923076923 0.11538461538461539
10 0.7896634615384616 0.7103365384615384 0.41586538461538464 0.11298076923076923
10 0.7896634615384616 0.28725961538461536 0.38461538461538464 0.13942307692307693
10 0.7800480769230769 0.20192307692307693 0.3798076923076923 0.12980769230769232
10 0.7271634615384616 0.5516826923076923 0.3581730769230769 0.10576923076923077
10 0.7139423076923077 0.08413461538461539 0.34375 0.16826923076923078
10 0.7103365384615384 0.4182692307692308 0.375 0.1346153846153846
10 0.47475961538461536 0.24278846153846154 0.4639423076923077 0.2283653846153846
10 0.453125 0.7920673076923077 0.21153846153846154 0.35096153846153844
10 0.43990384615384615 0.5216346153846154 0.46153846153846156 0.08653846153846154
10 0.33052884615384615 0.8401442307692307 0.25240384615384615 0.31490384615384615
10 0.21875 0.16947115384615385 0.2403846153846154 0.33413461538461536
10 0.20673076923076922 0.6430288461538461 0.40865384615384615 0.1658653846153846
10 0.20192307692307693 0.6418269230769231 0.4014423076923077 0.16826923076923078
10 0.1778846153846154 0.8737980769230769 0.34134615384615385 0.24759615384615385
10 0.12139423076923077 0.34615384615384615 0.2403846153846154 0.16346153846153846
10 0.06490384615384616 0.8569711538461539 0.12980769230769232 0.28125
10 0.8990384615384616 0.84375 0.1971153846153846 0.125