8 0.8725961538461539 0.14182692307692307 0.25 0.21634615384615385
8 0.7175480769230769 0.7103365384615384 0.24759615384615385 0.2548076923076923
8 0.6790865384615384 0.4699519230769231 0.25240384615384615 0.17548076923076922
8 0.6117788461538461 0.27283653846153844 0.32211538461538464 0.3173076923076923
8 0.6021634615384616 0.06490384615384616 0.4254807692307692 0.12980769230769232
8 0.5588942307692307 0.6129807692307693 0.29086538461538464 0.2548076923076923
8 0.5408653846153846 0.7668269230769231 0.2548076923076923 0.22355769230769232
8 0.36658653846153844 0.8521634615384616 0.21875 0.1778846153846154
8 0.359375 0.3088942307692308 0.34134615384615385 0.21634615384615385
8 0.3112980769230769 0.5733173076923077 0.40865384615384615 0.30528846153846156
10 0.2824519230769231 0.17067307692307693 0.5096153846153846 0.30528846153846156
10 0.265625 0.27524038461538464 0.45913461538461536 0.3125
10 0.2932692307692308 0.078125 0.5432692307692307 0.15625
10 0.15625 0.6658653846153846 0.3125 0.4951923076923077
8 0.9170673076923077 0.33653846153846156 0.16105769230769232 0.1875
8 0.10336538461538461 0.12139423076923077 0.17548076923076922 0.20673076923076922