11 0.18870192307692307 0.46033653846153844 0.3557692307692308 0.28365384615384615
11 0.18990384615384615 0.5805288461538461 0.3485576923076923 0.3173076923076923
11 0.22956730769230768 0.6923076923076923 0.2860576923076923 0.34134615384615385
11 0.32572115384615385 0.21033653846153846 0.3942307692307692 0.3485576923076923
11 0.2764423076923077 0.7295673076923077 0.21153846153846154 0.3485576923076923
11 0.38822115384615385 0.7788461538461539 0.20432692307692307 0.36538461538461536
11 0.5625 0.18870192307692307 0.3605769230769231 0.37740384615384615
11 0.46634615384615385 0.7920673076923077 0.25721153846153844 0.3894230769230769
11 0.640625 0.7992788461538461 0.4495192307692308 0.39663461538461536
11 0.6923076923076923 0.71875 0.4807692307692308 0.39903846153846156
11 0.7560096153846154 0.5564903846153846 0.4831730769230769 0.4831730769230769