11 0.5336538461538461 0.19831730769230768 0.28365384615384615 0.34375
11 0.4206730769230769 0.19230769230769232 0.31490384615384615 0.34375
11 0.3125 0.22115384615384615 0.33653846153846156 0.2860576923076923
11 0.7620192307692307 0.3449519230769231 0.35096153846153844 0.3870192307692308
11 0.27403846153846156 0.2644230769230769 0.33653846153846156 0.21875
11 0.21995192307692307 0.36658653846153844 0.35096153846153844 0.21394230769230768
11 0.7776442307692307 0.5685096153846154 0.3894230769230769 0.3557692307692308
11 0.203125 0.4387019230769231 0.37740384615384615 0.2644230769230769
11 0.19110576923076922 0.6033653846153846 0.38221153846153844 0.44711538461538464
11 0.25600961538461536 0.6586538461538461 0.4014423076923077 0.47115384615384615
11 0.4074519230769231 0.7367788461538461 0.47836538461538464 0.49278846153846156