11 0.8185096153846154 0.6177884615384616 0.3581730769230769 0.29086538461538464
11 0.7752403846153846 0.7283653846153846 0.3557692307692308 0.3245192307692308
11 0.6995192307692307 0.8161057692307693 0.2956730769230769 0.34615384615384615
11 0.78125 0.3389423076923077 0.39903846153846156 0.3605769230769231
11 0.6430288461538461 0.8293269230769231 0.2283653846153846 0.33653846153846156
11 0.5228365384615384 0.8269230769230769 0.21875 0.34134615384615385
11 0.5757211538461539 0.2247596153846154 0.36778846153846156 0.40384615384615385
11 0.44711538461538464 0.8112980769230769 0.27403846153846156 0.37259615384615385
11 0.2800480769230769 0.7764423076923077 0.45913461538461536 0.41586538461538464
11 0.2620192307692308 0.6778846153846154 0.4879807692307692 0.41346153846153844
11 0.2548076923076923 0.5012019230769231 0.5096153846153846 0.49759615384615385