35 0.32211538461538464 0.5060096153846154 0.31971153846153844 0.25
35 0.4014423076923077 0.30288461538461536 0.20432692307692307 0.2091346153846154
35 0.3737980769230769 0.7379807692307693 0.28125 0.21875
35 0.4987980769230769 0.4170673076923077 0.2932692307692308 0.22115384615384615
35 0.4723557692307692 0.6262019230769231 0.23557692307692307 0.18990384615384615
35 0.5612980769230769 0.2512019230769231 0.25721153846153844 0.21153846153846154
35 0.5901442307692307 0.5889423076923077 0.24759615384615385 0.21875
35 0.59375 0.8990384615384616 0.2548076923076923 0.1971153846153846
35 0.7295673076923077 0.14423076923076922 0.2932692307692308 0.18509615384615385
35 0.7608173076923077 0.22956730769230768 0.3076923076923077 0.21394230769230768
35 0.6995192307692307 0.7475961538461539 0.2548076923076923 0.1971153846153846
35 0.6742788461538461 0.9074519230769231 0.2668269230769231 0.18028846153846154
35 0.7512019230769231 0.5504807692307693 0.24759615384615385 0.2091346153846154
35 0.7884615384615384 0.37259615384615385 0.2956730769230769 0.22115384615384615
35 0.765625 0.7163461538461539 0.3004807692307692 0.22355769230769232