35 0.32572115384615385 0.46274038461538464 0.3173076923076923 0.22115384615384615
35 0.36778846153846156 0.6935096153846154 0.18990384615384615 0.19471153846153846
35 0.42788461538461536 0.22956730769230768 0.2764423076923077 0.19471153846153846
35 0.49399038461538464 0.59375 0.29086538461538464 0.1971153846153846
35 0.5096153846153846 0.36778846153846156 0.23076923076923078 0.17307692307692307
35 0.5252403846153846 0.7800480769230769 0.25240384615384615 0.18990384615384615
35 0.625 0.43149038461538464 0.23798076923076922 0.19951923076923078
35 0.6935096153846154 0.0985576923076923 0.24519230769230768 0.18990384615384615
35 0.6826923076923077 0.9242788461538461 0.30288461538461536 0.1466346153846154
35 0.7319711538461539 0.84375 0.30528846153846156 0.1875
35 0.7728365384615384 0.2860576923076923 0.25 0.17548076923076922
35 0.7800480769230769 0.10216346153846154 0.25961538461538464 0.17548076923076922
35 0.7872596153846154 0.5048076923076923 0.24278846153846154 0.18990384615384615
35 0.7896634615384616 0.6995192307692307 0.29086538461538464 0.19471153846153846
35 0.8353365384615384 0.3329326923076923 0.2956730769230769 0.1971153846153846