35 0.46153846153846156 0.3088942307692308 0.24759615384615385 0.33413461538461536
35 0.6850961538461539 0.38100961538461536 0.21153846153846154 0.20673076923076922
35 0.21875 0.38221153846153844 0.21634615384615385 0.2932692307692308
35 0.5721153846153846 0.49158653846153844 0.22115384615384615 0.3076923076923077
35 0.34615384615384615 0.4807692307692308 0.19230769230769232 0.24519230769230768
35 0.7536057692307693 0.546875 0.2091346153846154 0.2668269230769231
35 0.3942307692307692 0.6033653846153846 0.21875 0.2548076923076923
35 0.08052884615384616 0.6322115384615384 0.16105769230769232 0.25961538461538464
35 0.8822115384615384 0.7199519230769231 0.1778846153846154 0.3076923076923077
35 0.7920673076923077 0.7596153846153846 0.21394230769230768 0.31971153846153844
35 0.23317307692307693 0.7319711538461539 0.19471153846153846 0.2644230769230769
35 0.07572115384615384 0.7199519230769231 0.15144230769230768 0.2764423076923077
35 0.44711538461538464 0.7740384615384616 0.2091346153846154 0.25961538461538464
35 0.640625 0.8004807692307693 0.21875 0.3076923076923077
35 0.2704326923076923 0.8004807692307693 0.22115384615384615 0.3125