12 0.2644230769230769 0.4639423076923077 0.4326923076923077 0.18028846153846154
12 0.2620192307692308 0.30408653846153844 0.4254807692307692 0.19230769230769232
12 0.2776442307692308 0.140625 0.4495192307692308 0.21153846153846154
12 0.33774038461538464 0.5949519230769231 0.4519230769230769 0.16826923076923078
12 0.3449519230769231 0.7451923076923077 0.5240384615384616 0.18028846153846154
12 0.3701923076923077 0.8894230769230769 0.4807692307692308 0.21634615384615385
12 0.5120192307692307 0.038461538461538464 0.5096153846153846 0.07692307692307693
12 0.6298076923076923 0.20793269230769232 0.5072115384615384 0.39663461538461536
12 0.6358173076923077 0.36899038461538464 0.43509615384615385 0.44711538461538464
12 0.6947115384615384 0.5829326923076923 0.5144230769230769 0.47596153846153844
12 0.7487980769230769 0.7572115384615384 0.41586538461538464 0.42788461538461536
12 0.7992788461538461 0.8413461538461539 0.39663461538461536 0.3076923076923077