12 0.5336538461538461 0.24759615384615385 0.2548076923076923 0.43990384615384615
12 0.38221153846153844 0.21634615384615385 0.2644230769230769 0.4326923076923077
12 0.2247596153846154 0.21514423076923078 0.29086538461538464 0.43028846153846156
12 0.6418269230769231 0.34375 0.24759615384615385 0.4543269230769231
12 0.7824519230769231 0.38221153846153844 0.27403846153846156 0.5240384615384616
12 0.8822115384615384 0.4362980769230769 0.23076923076923078 0.49278846153846156
12 0.08533653846153846 0.3918269230769231 0.17067307692307693 0.5
12 0.2283653846153846 0.5420673076923077 0.4567307692307692 0.5552884615384616
12 0.36899038461538464 0.5805288461538461 0.5024038461538461 0.49278846153846156
12 0.5600961538461539 0.6778846153846154 0.5456730769230769 0.5745192307692307
12 0.7115384615384616 0.7632211538461539 0.4807692307692308 0.46875
12 0.7824519230769231 0.8052884615384616 0.37259615384615385 0.38461538461538464