12 0.7487980769230769 0.5144230769230769 0.43990384615384615 0.1778846153846154
12 0.7475961538461539 0.34975961538461536 0.4326923076923077 0.1875
12 0.7283653846153846 0.18269230769230768 0.4567307692307692 0.2091346153846154
12 0.6766826923076923 0.6490384615384616 0.45913461538461536 0.1658653846153846
12 0.6706730769230769 0.8040865384615384 0.5336538461538461 0.1778846153846154
12 0.6478365384615384 0.921875 0.4879807692307692 0.15144230769230768
12 0.4879807692307692 0.05889423076923077 0.5240384615384616 0.11778846153846154
12 0.36899038461538464 0.25841346153846156 0.5168269230769231 0.39903846153846156
12 0.36538461538461536 0.4230769230769231 0.4375 0.4495192307692308
12 0.31009615384615385 0.6430288461538461 0.5168269230769231 0.4807692307692308
12 0.25600961538461536 0.8004807692307693 0.4230769230769231 0.3918269230769231
12 0.20552884615384615 0.8774038461538461 0.4110576923076923 0.2403846153846154