12 0.140625 0.2692307692307692 0.24759615384615385 0.4110576923076923
12 0.5661057692307693 0.3112980769230769 0.43509615384615385 0.6225961538461539
12 0.8389423076923077 0.29927884615384615 0.3173076923076923 0.5985576923076923
12 0.12740384615384615 0.4891826923076923 0.2548076923076923 0.4639423076923077
12 0.31971153846153844 0.46875 0.30528846153846156 0.6466346153846154
12 0.44591346153846156 0.5817307692307693 0.34134615384615385 0.7283653846153846
12 0.10336538461538461 0.6850961538461539 0.20673076923076922 0.4423076923076923
12 0.8245192307692307 0.515625 0.2860576923076923 0.5456730769230769
12 0.7367788461538461 0.6225961538461539 0.5216346153846154 0.7163461538461539
12 0.27403846153846156 0.7716346153846154 0.2548076923076923 0.4519230769230769
12 0.8569711538461539 0.8004807692307693 0.28125 0.2980769230769231
12 0.5444711538461539 0.8894230769230769 0.23798076923076922 0.21634615384615385