12 0.78125 0.13581730769230768 0.34615384615384615 0.21394230769230768
12 0.71875 0.5432692307692307 0.5576923076923077 0.38461538461538464
12 0.7223557692307693 0.8365384615384616 0.5504807692307693 0.32211538461538464
12 0.6009615384615384 0.10817307692307693 0.4375 0.21634615384615385
12 0.6021634615384616 0.2920673076923077 0.6274038461538461 0.25721153846153844
12 0.484375 0.4050480769230769 0.7019230769230769 0.2860576923076923
12 0.4110576923076923 0.07692307692307693 0.4230769230769231 0.15384615384615385
12 0.5228365384615384 0.7764423076923077 0.5240384615384616 0.24519230769230768
12 0.4266826923076923 0.6947115384615384 0.6754807692307693 0.4879807692307692
12 0.28365384615384615 0.22235576923076922 0.4951923076923077 0.21153846153846154
12 0.22355769230769232 0.828125 0.3173076923076923 0.3389423076923077
12 0.13942307692307693 0.4855769230769231 0.27884615384615385 0.23557692307692307