12 0.7067307692307693 0.15504807692307693 0.23557692307692307 0.31009615384615385
12 0.3605769230769231 0.3088942307692308 0.4014423076923077 0.6081730769230769
12 0.1346153846153846 0.40865384615384615 0.2692307692307692 0.6153846153846154
12 0.8413461538461539 0.2764423076923077 0.31490384615384615 0.4375
12 0.6358173076923077 0.3545673076923077 0.2860576923076923 0.6033653846153846
12 0.5769230769230769 0.5 0.31490384615384615 0.6754807692307693
12 0.9026442307692307 0.4375 0.18990384615384615 0.4182692307692308
12 0.23317307692307693 0.5985576923076923 0.2692307692307692 0.5096153846153846
12 0.34134615384615385 0.65625 0.5048076923076923 0.6658653846153846
12 0.8112980769230769 0.6129807692307693 0.23557692307692307 0.47836538461538464
12 0.26322115384615385 0.8665865384615384 0.40625 0.2620192307692308
12 0.6334134615384616 0.8449519230769231 0.23798076923076922 0.2980769230769231