18 0.8605769230769231 0.10576923076923077 0.2692307692307692 0.21153846153846154
35 0.84375 0.7848557692307693 0.12259615384615384 0.08413461538461539
35 0.7391826923076923 0.8353365384615384 0.14182692307692307 0.0889423076923077
29 0.6442307692307693 0.10216346153846154 0.36538461538461536 0.20432692307692307
35 0.6586538461538461 0.9098557692307693 0.13701923076923078 0.08173076923076923
18 0.4423076923076923 0.48677884615384615 0.22355769230769232 0.11057692307692307
24 0.44591346153846156 0.9423076923076923 0.31009615384615385 0.11057692307692307
35 0.39302884615384615 0.0889423076923077 0.13221153846153846 0.10336538461538461
35 0.38461538461538464 0.17908653846153846 0.16346153846153846 0.08413461538461539
35 0.2764423076923077 0.2247596153846154 0.1466346153846154 0.10817307692307693
35 0.26802884615384615 0.09975961538461539 0.1466346153846154 0.10096153846153846
29 0.15745192307692307 0.9399038461538461 0.30528846153846156 0.11538461538461539
35 0.12379807692307693 0.14182692307692307 0.1466346153846154 0.11298076923076923
35 0.040865384615384616 0.19471153846153846 0.08173076923076923 0.1201923076923077
29 0.8834134615384616 0.3173076923076923 0.22355769230769232 0.20673076923076922