18 0.8293269230769231 0.10697115384615384 0.25 0.21394230769230768
35 0.14182692307692307 0.20072115384615385 0.10336538461538461 0.1346153846153846
35 0.11177884615384616 0.31490384615384615 0.10817307692307693 0.15625
29 0.8653846153846154 0.2800480769230769 0.25721153846153844 0.3942307692307692
35 0.051682692307692304 0.4110576923076923 0.10336538461538461 0.15384615384615385
18 0.5132211538461539 0.5528846153846154 0.13942307692307693 0.2403846153846154
24 0.06610576923076923 0.6298076923076923 0.13221153846153846 0.32211538461538464
35 0.9230769230769231 0.53125 0.12259615384615384 0.1466346153846154
35 0.8341346153846154 0.5552884615384616 0.10817307692307693 0.17548076923076922
35 0.8076923076923077 0.6730769230769231 0.12980769230769232 0.16346153846153846
35 0.9338942307692307 0.6586538461538461 0.12259615384615384 0.16346153846153846
29 0.11298076923076923 0.8786057692307693 0.14903846153846154 0.23798076923076922
35 0.9170673076923077 0.8112980769230769 0.13701923076923078 0.1658653846153846
35 0.8798076923076923 0.90625 0.12740384615384615 0.09375
29 0.609375 0.10336538461538461 0.23798076923076922 0.20673076923076922