18 0.8966346153846154 0.8786057692307693 0.20192307692307693 0.23317307692307693
35 0.8954326923076923 0.15384615384615385 0.12740384615384615 0.0889423076923077
35 0.7836538461538461 0.10576923076923077 0.15144230769230768 0.09375
29 0.7127403846153846 0.8798076923076923 0.3798076923076923 0.21394230769230768
35 0.6971153846153846 0.037259615384615384 0.14903846153846154 0.07451923076923077
18 0.4855769230769231 0.48197115384615385 0.23557692307692307 0.11538461538461539
24 0.4735576923076923 0.03125 0.32211538461538464 0.0625
35 0.4483173076923077 0.9026442307692307 0.13701923076923078 0.10817307692307693
35 0.43509615384615385 0.8076923076923077 0.17067307692307693 0.0889423076923077
35 0.32091346153846156 0.7632211538461539 0.15625 0.11298076923076923
35 0.3173076923076923 0.8954326923076923 0.15384615384615385 0.10576923076923077
29 0.16346153846153846 0.039663461538461536 0.3269230769230769 0.07451923076923077
35 0.16346153846153846 0.8545673076923077 0.15384615384615385 0.1201923076923077
35 0.06009615384615385 0.8028846153846154 0.10817307692307693 0.125
29 0.9158653846153846 0.6466346153846154 0.16346153846153846 0.22115384615384615