13 0.6153846153846154 0.3016826923076923 0.27884615384615385 0.39903846153846156
13 0.8257211538461539 0.8100961538461539 0.28846153846153844 0.34134615384615385
13 0.8052884615384616 0.4375 0.29086538461538464 0.3942307692307692
13 0.10576923076923077 0.8641826923076923 0.17307692307692307 0.2668269230769231
13 0.796875 0.10336538461538461 0.2860576923076923 0.20673076923076922
13 0.09134615384615384 0.1622596153846154 0.18269230769230768 0.2668269230769231
13 0.2439903846153846 0.5492788461538461 0.29086538461538464 0.37740384615384615
13 0.30528846153846156 0.9170673076923077 0.25961538461538464 0.16105769230769232
13 0.328125 0.3269230769230769 0.3076923076923077 0.4254807692307692
13 0.046875 0.48677884615384615 0.09375 0.3581730769230769
13 0.515625 0.7295673076923077 0.2932692307692308 0.41346153846153844
13 0.4639423076923077 0.06129807692307692 0.21634615384615385 0.12259615384615384