13 0.3161057692307692 0.3425480769230769 0.32211538461538464 0.4182692307692308
13 0.27524038461538464 0.8473557692307693 0.3293269230769231 0.3004807692307692
13 0.1778846153846154 0.5276442307692307 0.3293269230769231 0.41346153846153844
13 0.9326923076923077 0.7427884615384616 0.12980769230769232 0.34134615384615385
13 0.11658653846153846 0.19591346153846154 0.23317307692307693 0.27163461538461536
13 0.7944711538461539 0.09495192307692307 0.2668269230769231 0.18990384615384615
13 0.7391826923076923 0.46033653846153844 0.3317307692307692 0.4014423076923077
13 0.8004807692307693 0.8461538461538461 0.27403846153846156 0.23317307692307693
13 0.5913461538461539 0.27884615384615385 0.35336538461538464 0.44471153846153844
13 0.9158653846153846 0.33653846153846156 0.16346153846153846 0.36538461538461536
13 0.5396634615384616 0.7127403846153846 0.33413461538461536 0.4326923076923077
13 0.3858173076923077 0.0733173076923077 0.22355769230769232 0.1466346153846154