13 0.71875 0.7211538461538461 0.35336538461538464 0.45913461538461536
13 0.7632211538461539 0.16466346153846154 0.3629807692307692 0.3293269230769231
13 0.8425480769230769 0.5180288461538461 0.31009615384615385 0.45913461538461536
13 0.056490384615384616 0.2776442307692308 0.11298076923076923 0.3629807692307692
13 0.9038461538461539 0.8353365384615384 0.1875 0.19471153846153846
13 0.20192307692307693 0.9435096153846154 0.23076923076923078 0.10817307692307693
13 0.2536057692307692 0.5901442307692307 0.3629807692307692 0.4375
13 0.18509615384615385 0.16466346153846154 0.2980769230769231 0.2548076923076923
13 0.4170673076923077 0.7704326923076923 0.3918269230769231 0.4543269230769231
13 0.0733173076923077 0.7223557692307693 0.1466346153846154 0.3870192307692308
13 0.4723557692307692 0.3125 0.36778846153846156 0.47836538461538464