15 0.33533653846153844 0.18990384615384615 0.32211538461538464 0.375
15 0.45072115384615385 0.2091346153846154 0.43028846153846156 0.4182692307692308
15 0.6262019230769231 0.27524038461538464 0.6033653846153846 0.5504807692307693
15 0.11899038461538461 0.3449519230769231 0.23798076923076922 0.2668269230769231
15 0.6490384615384616 0.41586538461538464 0.6971153846153846 0.8317307692307693
15 0.18990384615384615 0.53125 0.3798076923076923 0.22115384615384615
15 0.6959134615384616 0.6165865384615384 0.6033653846153846 0.6033653846153846
15 0.1466346153846154 0.6935096153846154 0.2764423076923077 0.19471153846153846
15 0.27163461538461536 0.7836538461538461 0.2548076923076923 0.2403846153846154
15 0.8617788461538461 0.75 0.27163461538461536 0.4567307692307692
15 0.34975961538461536 0.9074519230769231 0.6370192307692307 0.18028846153846154
15 0.1622596153846154 0.12740384615384615 0.3076923076923077 0.22355769230769232