15 0.17908653846153846 0.5456730769230769 0.3581730769230769 0.40384615384615385
15 0.2247596153846154 0.42908653846153844 0.4495192307692308 0.5216346153846154
15 0.33533653846153844 0.31850961538461536 0.6706730769230769 0.6370192307692307
15 0.20432692307692307 0.8161057692307693 0.32211538461538464 0.2932692307692308
15 0.48677884615384615 0.37259615384615385 0.9735576923076923 0.7451923076923077
15 0.43028846153846156 0.796875 0.2980769230769231 0.4014423076923077
15 0.6646634615384616 0.35096153846153844 0.6658653846153846 0.7019230769230769
15 0.5817307692307693 0.8774038461538461 0.2548076923076923 0.2403846153846154
15 0.7151442307692307 0.8269230769230769 0.3004807692307692 0.3125
15 0.8185096153846154 0.20793269230769232 0.3581730769230769 0.34375
15 0.859375 0.7235576923076923 0.2764423076923077 0.5480769230769231
15 0.0733173076923077 0.6983173076923077 0.1466346153846154 0.35336538461538464