15 0.8209134615384616 0.6141826923076923 0.35336538461538464 0.35336538461538464
15 0.7908653846153846 0.4951923076923077 0.41346153846153844 0.46153846153846156
15 0.7019230769230769 0.3233173076923077 0.5913461538461539 0.6466346153846154
15 0.7235576923076923 0.8677884615384616 0.2860576923076923 0.24519230769230768
15 0.5504807692307693 0.34975961538461536 0.8942307692307693 0.6995192307692307
15 0.515625 0.8112980769230769 0.23798076923076922 0.37259615384615385
15 0.3293269230769231 0.31850961538461536 0.6490384615384616 0.6370192307692307
15 0.3485576923076923 0.8774038461538461 0.21153846153846154 0.2403846153846154
15 0.23076923076923078 0.7908653846153846 0.25721153846153844 0.27403846153846156
15 0.20072115384615385 0.15625 0.4014423076923077 0.2932692307692308
15 0.09134615384615384 0.6959134615384616 0.18269230769230768 0.6033653846153846
15 0.9122596153846154 0.7872596153846154 0.17067307692307693 0.3293269230769231