24 0.9399038461538461 0.8353365384615384 0.11538461538461539 0.14182692307692307
35 0.31490384615384615 0.9350961538461539 0.18269230769230768 0.125
35 0.3581730769230769 0.84375 0.1778846153846154 0.14903846153846154
16 0.2980769230769231 0.46634615384615385 0.11538461538461539 0.09134615384615384
35 0.46033653846153844 0.9290865384615384 0.17067307692307693 0.13701923076923078
16 0.4098557692307692 0.4423076923076923 0.1466346153846154 0.1466346153846154
16 0.49038461538461536 0.515625 0.14182692307692307 0.11298076923076923
15 0.5913461538461539 0.7908653846153846 0.5480769230769231 0.3701923076923077
16 0.4807692307692308 0.24158653846153846 0.13221153846153846 0.10336538461538461
16 0.5288461538461539 0.3293269230769231 0.16826923076923078 0.1466346153846154
16 0.5612980769230769 0.4423076923076923 0.11778846153846154 0.10576923076923077
16 0.625 0.359375 0.12740384615384615 0.125
14 0.7403846153846154 0.5793269230769231 0.4735576923076923 0.36778846153846156
24 0.8473557692307693 0.8834134615384616 0.15144230769230768 0.10817307692307693