24 0.8677884615384616 0.9411057692307693 0.15625 0.10576923076923077
35 0.21875 0.8942307692307693 0.15144230769230768 0.12259615384615384
35 0.28365384615384615 0.8016826923076923 0.15144230769230768 0.11298076923076923
16 0.3173076923076923 0.43028846153846156 0.10096153846153846 0.06971153846153846
35 0.3581730769230769 0.9122596153846154 0.14182692307692307 0.11538461538461539
16 0.42788461538461536 0.4326923076923077 0.11778846153846154 0.11778846153846154
16 0.4879807692307692 0.5204326923076923 0.12259615384615384 0.08413461538461539
15 0.5180288461538461 0.8052884615384616 0.49038461538461536 0.2548076923076923
16 0.5432692307692307 0.25961538461538464 0.11778846153846154 0.07932692307692307
16 0.5673076923076923 0.3545673076923077 0.14423076923076922 0.11298076923076923
16 0.5721153846153846 0.46875 0.10096153846153846 0.08173076923076923
16 0.6526442307692307 0.4050480769230769 0.10576923076923077 0.0985576923076923
14 0.7091346153846154 0.6394230769230769 0.41346153846153844 0.2692307692307692
24 0.7391826923076923 0.9567307692307693 0.13221153846153846 0.07932692307692307