24 0.12860576923076922 0.0625 0.15865384615384615 0.10096153846153846
35 0.7860576923076923 0.09375 0.15384615384615385 0.125
35 0.7211538461538461 0.18870192307692307 0.15625 0.11538461538461539
16 0.6935096153846154 0.5649038461538461 0.10336538461538461 0.06971153846153846
35 0.6442307692307693 0.07932692307692307 0.1466346153846154 0.11778846153846154
16 0.5829326923076923 0.5637019230769231 0.1201923076923077 0.12259615384615384
16 0.5204326923076923 0.47596153846153844 0.125 0.08653846153846154
15 0.484375 0.18870192307692307 0.5 0.2644230769230769
16 0.4699519230769231 0.7403846153846154 0.11778846153846154 0.08173076923076923
16 0.4423076923076923 0.6454326923076923 0.14903846153846154 0.11538461538461539
16 0.4362980769230769 0.5300480769230769 0.10336538461538461 0.08413461538461539
16 0.35697115384615385 0.5949519230769231 0.10817307692307693 0.10336538461538461
14 0.2956730769230769 0.359375 0.4230769230769231 0.27884615384615385
24 0.25961538461538464 0.04447115384615385 0.1346153846153846 0.07692307692307693