6 0.41466346153846156 0.8882211538461539 0.17307692307692307 0.15384615384615385
6 0.30649038461538464 0.5 0.17548076923076922 0.17548076923076922
6 0.3449519230769231 0.7536057692307693 0.13701923076923078 0.13701923076923078
6 0.2668269230769231 0.3016826923076923 0.14423076923076922 0.18509615384615385
6 0.6850961538461539 0.43149038461538464 0.12259615384615384 0.125
6 0.6947115384615384 0.5697115384615384 0.10817307692307693 0.12980769230769232
6 0.6165865384615384 0.6766826923076923 0.14423076923076922 0.15144230769230768
6 0.5588942307692307 0.4110576923076923 0.12980769230769232 0.17307692307692307
6 0.5300480769230769 0.5733173076923077 0.1346153846153846 0.15384615384615385
6 0.47716346153846156 0.2439903846153846 0.13221153846153846 0.13701923076923078
6 0.4266826923076923 0.41466346153846156 0.18990384615384615 0.20192307692307693
6 0.4723557692307692 0.75 0.1466346153846154 0.13942307692307693
6 0.3870192307692308 0.29086538461538464 0.16105769230769232 0.13701923076923078
6 0.359375 0.19230769230769232 0.1201923076923077 0.1201923076923077
6 0.4050480769230769 0.6105769230769231 0.16826923076923078 0.17307692307692307