6 0.32211538461538464 0.7740384615384616 0.17548076923076922 0.15865384615384615
6 0.3786057692307692 0.3942307692307692 0.1778846153846154 0.18028846153846154
6 0.3161057692307692 0.6310096153846154 0.13942307692307693 0.14182692307692307
6 0.421875 0.20552884615384615 0.15144230769230768 0.18269230769230768
6 0.7355769230769231 0.4807692307692308 0.125 0.12740384615384615
6 0.6911057692307693 0.6057692307692307 0.11538461538461539 0.13221153846153846
6 0.5805288461538461 0.6670673076923077 0.14903846153846154 0.15384615384615385
6 0.6334134615384616 0.41466346153846156 0.13701923076923078 0.17548076923076922
6 0.5456730769230769 0.5432692307692307 0.13942307692307693 0.15384615384615385
6 0.6262019230769231 0.23798076923076922 0.13701923076923078 0.13942307692307693
6 0.5168269230769231 0.36538461538461536 0.19230769230769232 0.20192307692307693
6 0.4266826923076923 0.6754807692307693 0.15144230769230768 0.14423076923076922
6 0.5300480769230769 0.24158653846153846 0.16105769230769232 0.14182692307692307
6 0.5444711538461539 0.1466346153846154 0.12259615384615384 0.12259615384615384
6 0.4230769230769231 0.5288461538461539 0.17307692307692307 0.17548076923076922