6 0.3317307692307692 0.21153846153846154 0.17548076923076922 0.16105769230769232
6 0.37740384615384615 0.5973557692307693 0.17548076923076922 0.1778846153846154
6 0.32091346153846156 0.3581730769230769 0.13942307692307693 0.13942307692307693
6 0.41225961538461536 0.7908653846153846 0.14903846153846154 0.18269230769230768
6 0.7391826923076923 0.5228365384615384 0.12259615384615384 0.125
6 0.6983173076923077 0.3954326923076923 0.11298076923076923 0.13221153846153846
6 0.5901442307692307 0.3293269230769231 0.1466346153846154 0.15384615384615385
6 0.6334134615384616 0.5865384615384616 0.13221153846153846 0.17307692307692307
6 0.5492788461538461 0.453125 0.13942307692307693 0.15384615384615385
6 0.6213942307692307 0.765625 0.1346153846153846 0.13701923076923078
6 0.5144230769230769 0.6322115384615384 0.18990384615384615 0.20192307692307693
6 0.43509615384615385 0.31490384615384615 0.14903846153846154 0.14182692307692307
6 0.5240384615384616 0.7572115384615384 0.16105769230769232 0.13942307692307693
6 0.5348557692307693 0.8545673076923077 0.12259615384615384 0.12259615384615384
6 0.42427884615384615 0.46274038461538464 0.17067307692307693 0.17548076923076922