29 0.1658653846153846 0.8762019230769231 0.1875 0.16105769230769232
29 0.14182692307692307 0.4326923076923077 0.23557692307692307 0.17548076923076922
29 0.14543269230769232 0.12620192307692307 0.29086538461538464 0.2091346153846154
29 0.3112980769230769 0.9543269230769231 0.24759615384615385 0.08653846153846154
29 0.2764423076923077 0.6346153846153846 0.2668269230769231 0.2091346153846154
29 0.29447115384615385 0.7884615384615384 0.2403846153846154 0.16826923076923078
29 0.25 0.28725961538461536 0.24278846153846154 0.23317307692307693
29 0.3557692307692308 0.9086538461538461 0.22596153846153846 0.1778846153846154
29 0.3269230769230769 0.4723557692307692 0.21875 0.19471153846153846
29 0.47596153846153844 0.8004807692307693 0.24519230769230768 0.22355769230769232
29 0.49399038461538464 0.3088942307692308 0.34134615384615385 0.31009615384615385
29 0.5649038461538461 0.9375 0.3125 0.1201923076923077
29 0.6346153846153846 0.5072115384615384 0.3076923076923077 0.2403846153846154
29 0.6995192307692307 0.7307692307692307 0.3581730769230769 0.2692307692307692
29 0.6478365384615384 0.109375 0.25721153846153844 0.21875
29 0.0985576923076923 0.9615384615384616 0.11057692307692307 0.07211538461538461
29 0.7608173076923077 0.3004807692307692 0.33653846153846156 0.2860576923076923
29 0.8810096153846154 0.8653846153846154 0.23317307692307693 0.21153846153846154
29 0.8810096153846154 0.40865384615384615 0.23317307692307693 0.3125
29 0.9326923076923077 0.6490384615384616 0.12980769230769232 0.2548076923076923
29 0.11298076923076923 0.7596153846153846 0.1971153846153846 0.22596153846153846
29 0.11538461538461539 0.5841346153846154 0.23076923076923078 0.18028846153846154