29 0.17908653846153846 0.15865384615384615 0.14182692307692307 0.17067307692307693
29 0.6057692307692307 0.171875 0.15384615384615385 0.21394230769230768
29 0.8978365384615384 0.16826923076923078 0.17067307692307693 0.3245192307692308
29 0.0625 0.28725961538461536 0.125 0.2283653846153846
29 0.40024038461538464 0.2824519230769231 0.18269230769230768 0.24278846153846154
29 0.2512019230769231 0.28846153846153844 0.14423076923076922 0.22115384615384615
29 0.7355769230769231 0.28725961538461536 0.20673076923076922 0.21394230769230768
29 0.12980769230769232 0.33413461538461536 0.15625 0.20192307692307693
29 0.5516826923076923 0.3449519230769231 0.17067307692307693 0.19951923076923078
29 0.2247596153846154 0.46033653846153844 0.1971153846153846 0.22115384615384615
29 0.6947115384615384 0.5192307692307693 0.27403846153846156 0.3076923076923077
29 0.06610576923076923 0.5336538461538461 0.13221153846153846 0.2932692307692308
29 0.49158653846153844 0.6370192307692307 0.2091346153846154 0.2764423076923077
29 0.27403846153846156 0.6790865384615384 0.23076923076923078 0.3293269230769231
29 0.8774038461538461 0.6826923076923077 0.1971153846153846 0.2283653846153846
29 0.0673076923076923 0.06610576923076923 0.1346153846153846 0.12259615384615384
29 0.6790865384615384 0.7740384615384616 0.25 0.30288461538461536
29 0.1201923076923077 0.8689903846153846 0.1971153846153846 0.25721153846153844
29 0.5661057692307693 0.8882211538461539 0.28125 0.21875
29 0.3317307692307692 0.9278846153846154 0.23557692307692307 0.13942307692307693
29 0.2956730769230769 0.10216346153846154 0.20432692307692307 0.19951923076923078
29 0.46274038461538464 0.12620192307692307 0.15625 0.22115384615384615