29 0.20793269230769232 0.8677884615384616 0.19471153846153846 0.17067307692307693
29 0.16826923076923078 0.4230769230769231 0.2403846153846154 0.18269230769230768
29 0.15504807692307693 0.12860576923076922 0.31009615384615385 0.20432692307692307
29 0.3557692307692308 0.9459134615384616 0.2548076923076923 0.10336538461538461
29 0.31009615384615385 0.6213942307692307 0.2764423076923077 0.21875
29 0.33413461538461536 0.7752403846153846 0.24759615384615385 0.1778846153846154
29 0.27163461538461536 0.27283653846153844 0.25 0.2403846153846154
29 0.39783653846153844 0.8966346153846154 0.2283653846153846 0.18990384615384615
29 0.3557692307692308 0.4567307692307692 0.22596153846153846 0.20432692307692307
29 0.5180288461538461 0.78125 0.2548076923076923 0.23076923076923078
29 0.5180288461538461 0.2860576923076923 0.35336538461538464 0.32211538461538464
29 0.6129807692307693 0.9242788461538461 0.3173076923076923 0.1466346153846154
29 0.6670673076923077 0.4807692307692308 0.31490384615384615 0.25240384615384615
29 0.7379807692307693 0.703125 0.36778846153846156 0.28125
29 0.6646634615384616 0.09735576923076923 0.2668269230769231 0.19471153846153846
29 0.12860576923076922 0.9579326923076923 0.1466346153846154 0.07932692307692307
29 0.7860576923076923 0.2692307692307692 0.34615384615384615 0.2980769230769231
29 0.9026442307692307 0.8413461538461539 0.18990384615384615 0.23076923076923078
29 0.8930288461538461 0.375 0.2091346153846154 0.3125
29 0.9495192307692307 0.6141826923076923 0.09615384615384616 0.25721153846153844
29 0.1346153846153846 0.7548076923076923 0.23076923076923078 0.23557692307692307
29 0.13822115384615385 0.578125 0.24759615384615385 0.18990384615384615