1 0.8545673076923077 0.765625 0.24519230769230768 0.2644230769230769
1 0.7439903846153846 0.08052884615384616 0.24759615384615385 0.16105769230769232
1 0.8822115384615384 0.8846153846153846 0.23076923076923078 0.14903846153846154
1 0.859375 0.4807692307692308 0.2644230769230769 0.20432692307692307
1 0.8353365384615384 0.2247596153846154 0.2668269230769231 0.17307692307692307
1 0.9266826923076923 0.6430288461538461 0.14182692307692307 0.2091346153846154
1 0.15504807692307693 0.9483173076923077 0.18990384615384615 0.0985576923076923
1 0.09495192307692307 0.35336538461538464 0.18990384615384615 0.25
1 0.17908653846153846 0.8197115384615384 0.2956730769230769 0.2620192307692308
1 0.15264423076923078 0.5456730769230769 0.23317307692307693 0.27884615384615385
1 0.16105769230769232 0.14543269230769232 0.2764423076923077 0.22596153846153846
1 0.4014423076923077 0.6526442307692307 0.32211538461538464 0.24519230769230768
1 0.3545673076923077 0.31850961538461536 0.375 0.23557692307692307
1 0.4567307692307692 0.921875 0.3269230769230769 0.15144230769230768
1 0.37259615384615385 0.16947115384615385 0.23317307692307693 0.22596153846153846
1 0.515625 0.7463942307692307 0.3173076923076923 0.19951923076923078
1 0.5661057692307693 0.515625 0.34375 0.16105769230769232
1 0.5444711538461539 0.09014423076923077 0.25240384615384615 0.18028846153846154
1 0.6213942307692307 0.41346153846153844 0.39663461538461536 0.20192307692307693
1 0.5973557692307693 0.2403846153846154 0.23317307692307693 0.19471153846153846
1 0.7007211538461539 0.625 0.35336538461538464 0.18028846153846154