1 0.2439903846153846 0.8341346153846154 0.24278846153846154 0.2620192307692308
1 0.11899038461538461 0.140625 0.23557692307692307 0.19471153846153846
1 0.2247596153846154 0.9447115384615384 0.31009615384615385 0.10576923076923077
1 0.14903846153846154 0.5709134615384616 0.2620192307692308 0.20432692307692307
1 0.11177884615384616 0.32211538461538464 0.22355769230769232 0.1778846153846154
1 0.11658653846153846 0.75 0.18269230769230768 0.2091346153846154
1 0.9387019230769231 0.8305288461538461 0.11778846153846154 0.2091346153846154
1 0.8461538461538461 0.19471153846153846 0.2403846153846154 0.25
1 0.8701923076923077 0.6682692307692307 0.2548076923076923 0.2692307692307692
1 0.8293269230769231 0.4014423076923077 0.23798076923076922 0.28125
1 0.6959134615384616 0.07211538461538461 0.2668269230769231 0.14423076923076922
1 0.6322115384615384 0.5829326923076923 0.31971153846153844 0.24759615384615385
1 0.5673076923076923 0.2548076923076923 0.37259615384615385 0.2403846153846154
1 0.6766826923076923 0.8858173076923077 0.3317307692307692 0.22355769230769232
1 0.5036057692307693 0.12259615384615384 0.23317307692307693 0.2283653846153846
1 0.5564903846153846 0.7079326923076923 0.3173076923076923 0.20192307692307693
1 0.4338942307692308 0.5072115384615384 0.34375 0.1658653846153846
1 0.31490384615384615 0.09975961538461539 0.24278846153846154 0.18269230769230768
1 0.3485576923076923 0.43028846153846156 0.3942307692307692 0.20673076923076922
1 0.3161057692307692 0.25961538461538464 0.23317307692307693 0.1971153846153846
1 0.3425480769230769 0.6538461538461539 0.3485576923076923 0.18509615384615385