1 0.11298076923076923 0.7463942307692307 0.22596153846153846 0.2764423076923077
1 0.24639423076923078 0.0733173076923077 0.25240384615384615 0.1466346153846154
1 0.0889423076923077 0.8641826923076923 0.1778846153846154 0.1466346153846154
1 0.12139423076923077 0.46033653846153844 0.24278846153846154 0.21394230769230768
1 0.1622596153846154 0.20432692307692307 0.2403846153846154 0.18028846153846154
1 0.052884615384615384 0.6201923076923077 0.10576923076923077 0.21153846153846154
1 0.8052884615384616 0.9555288461538461 0.21634615384615385 0.08413461538461539
1 0.8918269230769231 0.3713942307692308 0.21153846153846154 0.2620192307692308
1 0.7884615384615384 0.8389423076923077 0.33413461538461536 0.28125
1 0.8149038461538461 0.5612980769230769 0.24759615384615385 0.29086538461538464
1 0.8293269230769231 0.15745192307692307 0.27884615384615385 0.23798076923076922
1 0.5600961538461539 0.6574519230769231 0.33413461538461536 0.2620192307692308
1 0.6237980769230769 0.32091346153846156 0.3870192307692308 0.2548076923076923
1 0.49038461538461536 0.9194711538461539 0.33653846153846156 0.15625
1 0.6153846153846154 0.17067307692307693 0.24278846153846154 0.23798076923076922
1 0.4387019230769231 0.7451923076923077 0.3293269230769231 0.21634615384615385
1 0.4014423076923077 0.5084134615384616 0.35336538461538464 0.18028846153846154
1 0.44591346153846156 0.08774038461538461 0.2620192307692308 0.17548076923076922
1 0.34975961538461536 0.40384615384615385 0.40625 0.22355769230769232
1 0.38341346153846156 0.22956730769230768 0.2403846153846154 0.20673076923076922
1 0.25841346153846156 0.6117788461538461 0.3605769230769231 0.19951923076923078