24 0.8870192307692307 0.09735576923076923 0.07451923076923077 0.07211538461538461
24 0.8305288461538461 0.10817307692307693 0.06971153846153846 0.0985576923076923
24 0.9206730769230769 0.1466346153846154 0.0673076923076923 0.06490384615384616
15 0.5168269230769231 0.25600961538461536 0.0625 0.057692307692307696
29 0.6694711538461539 0.02283653846153846 0.07451923076923077 0.04567307692307692
15 0.6117788461538461 0.33653846153846156 0.052884615384615384 0.06009615384615385
15 0.47716346153846156 0.3581730769230769 0.05048076923076923 0.10817307692307693
15 0.5204326923076923 0.40865384615384615 0.052884615384615384 0.11778846153846154
29 0.6670673076923077 0.042067307692307696 0.0673076923076923 0.0625
29 0.5697115384615384 0.06490384615384616 0.05048076923076923 0.09375
29 0.7127403846153846 0.07572115384615384 0.0625 0.07692307692307693
29 0.6310096153846154 0.09375 0.057692307692307696 0.08413461538461539