24 0.13942307692307693 0.028846153846153848 0.08173076923076923 0.057692307692307696
24 0.13822115384615385 0.07692307692307693 0.10336538461538461 0.07451923076923077
24 0.1971153846153846 0.016826923076923076 0.07211538461538461 0.03365384615384615
15 0.22115384615384615 0.4254807692307692 0.06009615384615385 0.06490384615384616
15 0.32211538461538464 0.3473557692307692 0.0625 0.055288461538461536
15 0.31490384615384615 0.4879807692307692 0.11298076923076923 0.055288461538461536
15 0.3762019230769231 0.4543269230769231 0.125 0.06009615384615385
29 0.04927884615384615 0.2283653846153846 0.04567307692307692 0.0673076923076923
29 0.051682692307692304 0.3329326923076923 0.07451923076923077 0.055288461538461536
29 0.08052884615384616 0.18990384615384615 0.07932692307692307 0.06490384615384616
29 0.08052884615384616 0.2764423076923077 0.08653846153846154 0.0625