24 0.14423076923076922 0.04567307692307692 0.08173076923076923 0.08173076923076923
24 0.14182692307692307 0.1045673076923077 0.10576923076923077 0.07692307692307693
24 0.20552884615384615 0.03245192307692308 0.07451923076923077 0.06490384615384616
15 0.21153846153846154 0.4567307692307692 0.0625 0.0673076923076923
15 0.3161057692307692 0.38221153846153844 0.06490384615384616 0.057692307692307696
15 0.30408653846153844 0.5228365384615384 0.11298076923076923 0.06009615384615385
15 0.36658653846153844 0.49158653846153844 0.125 0.06490384615384616
29 0.04927884615384615 0.2536057692307692 0.04326923076923077 0.0673076923076923
29 0.04927884615384615 0.3581730769230769 0.06971153846153846 0.057692307692307696
29 0.08052884615384616 0.21514423076923078 0.07932692307692307 0.0673076923076923
29 0.07572115384615384 0.30288461538461536 0.0889423076923077 0.06490384615384616