22 0.8389423076923077 0.46634615384615385 0.17067307692307693 0.1658653846153846
22 0.7908653846153846 0.6875 0.1466346153846154 0.16826923076923078
22 0.6694711538461539 0.5432692307692307 0.18509615384615385 0.18028846153846154
22 0.6490384615384616 0.7127403846153846 0.19471153846153846 0.19471153846153846
22 0.6262019230769231 0.328125 0.17307692307692307 0.17067307692307693
22 0.5180288461538461 0.8197115384615384 0.25 0.22355769230769232
22 0.5120192307692307 0.5649038461538461 0.18509615384615385 0.1875
22 0.44350961538461536 0.41947115384615385 0.2091346153846154 0.18028846153846154
22 0.4338942307692308 0.2620192307692308 0.15625 0.15625
22 0.421875 0.6706730769230769 0.15865384615384615 0.17067307692307693
22 0.27403846153846156 0.609375 0.17548076923076922 0.18990384615384615
22 0.24158653846153846 0.43990384615384615 0.16105769230769232 0.17548076923076922
22 0.19591346153846154 0.7644230769230769 0.20432692307692307 0.2091346153846154