22 0.18028846153846154 0.5853365384615384 0.20192307692307693 0.1971153846153846
22 0.1814903846153846 0.3557692307692308 0.18269230769230768 0.1971153846153846
22 0.3329326923076923 0.4735576923076923 0.22355769230769232 0.21875
22 0.3173076923076923 0.29927884615384615 0.23557692307692307 0.23557692307692307
22 0.4230769230769231 0.6778846153846154 0.20673076923076922 0.20432692307692307
22 0.4266826923076923 0.1658653846153846 0.2932692307692308 0.27163461538461536
22 0.484375 0.4182692307692308 0.22596153846153846 0.22596153846153846
22 0.5853365384615384 0.5480769230769231 0.24759615384615385 0.22596153846153846
22 0.6286057692307693 0.703125 0.1875 0.18990384615384615
22 0.5528846153846154 0.2932692307692308 0.19471153846153846 0.20432692307692307
22 0.7139423076923077 0.32211538461538464 0.21634615384615385 0.22596153846153846
22 0.78125 0.4855769230769231 0.1971153846153846 0.2091346153846154
22 0.7584134615384616 0.1502403846153846 0.25 0.25240384615384615