22 0.18509615384615385 0.3954326923076923 0.20192307692307693 0.1971153846153846
22 0.18269230769230768 0.6201923076923077 0.18028846153846154 0.19471153846153846
22 0.3329326923076923 0.5060096153846154 0.21875 0.21394230769230768
22 0.3137019230769231 0.6766826923076923 0.23317307692307693 0.23076923076923078
22 0.4230769230769231 0.3088942307692308 0.20673076923076922 0.20432692307692307
22 0.4170673076923077 0.8088942307692307 0.28846153846153844 0.2692307692307692
22 0.4795673076923077 0.5625 0.22115384615384615 0.22115384615384615
22 0.5793269230769231 0.4387019230769231 0.24278846153846154 0.22355769230769232
22 0.6237980769230769 0.28846153846153844 0.1875 0.1875
22 0.5432692307692307 0.6862980769230769 0.19230769230769232 0.20192307692307693
22 0.7007211538461539 0.6622596153846154 0.21153846153846154 0.22115384615384615
22 0.7692307692307693 0.5024038461538461 0.19471153846153846 0.20673076923076922
22 0.7415865384615384 0.8293269230769231 0.24519230769230768 0.25