12 0.20432692307692307 0.3125 0.27403846153846156 0.35096153846153844
12 0.22355769230769232 0.6418269230769231 0.44711538461538464 0.1346153846153846
12 0.27163461538461536 0.6778846153846154 0.5432692307692307 0.27403846153846156
12 0.38341346153846156 0.19471153846153846 0.17067307692307693 0.3894230769230769
12 0.39903846153846156 0.4795673076923077 0.17548076923076922 0.5192307692307693
12 0.49399038461538464 0.8365384615384616 0.23798076923076922 0.32211538461538464
12 0.6009615384615384 0.41586538461538464 0.3605769230769231 0.31490384615384615
12 0.7055288461538461 0.7680288461538461 0.24278846153846154 0.45913461538461536
12 0.7668269230769231 0.24158653846153846 0.46153846153846156 0.13221153846153846
12 0.7692307692307693 0.7680288461538461 0.4495192307692308 0.28846153846153844
12 0.8028846153846154 0.45552884615384615 0.3894230769230769 0.2860576923076923
12 0.11177884615384616 0.4110576923076923 0.22355769230769232 0.3894230769230769