12 0.8353365384615384 0.203125 0.30528846153846156 0.40625
12 0.8040865384615384 0.5661057692307693 0.3870192307692308 0.18028846153846154
12 0.7512019230769231 0.6105769230769231 0.49278846153846156 0.34134615384615385
12 0.6490384615384616 0.15384615384615385 0.20673076923076922 0.3076923076923077
12 0.6538461538461539 0.39903846153846156 0.2403846153846154 0.5817307692307693
12 0.5877403846153846 0.8052884615384616 0.2860576923076923 0.38461538461538464
12 0.4266826923076923 0.3473557692307692 0.4230769230769231 0.375
12 0.3473557692307692 0.7403846153846154 0.31009615384615385 0.5144230769230769
12 0.24278846153846154 0.17427884615384615 0.4855769230769231 0.18990384615384615
12 0.27403846153846156 0.7475961538461539 0.5192307692307693 0.3557692307692308
12 0.21754807692307693 0.4110576923076923 0.43509615384615385 0.35096153846153844
12 0.9074519230769231 0.3016826923076923 0.18028846153846154 0.43028846153846156