12 0.8257211538461539 0.3713942307692308 0.31490384615384615 0.37740384615384615
12 0.7403846153846154 0.6850961538461539 0.4519230769230769 0.18990384615384615
12 0.6935096153846154 0.7139423076923077 0.5769230769230769 0.34134615384615385
12 0.6766826923076923 0.21754807692307693 0.21394230769230768 0.4014423076923077
12 0.6021634615384616 0.49278846153846156 0.24519230769230768 0.5288461538461539
12 0.4362980769230769 0.8233173076923077 0.27163461538461536 0.3485576923076923
12 0.41947115384615385 0.3894230769230769 0.3942307692307692 0.35336538461538464
12 0.24519230769230768 0.7223557692307693 0.2956730769230769 0.5
12 0.28725961538461536 0.18269230769230768 0.47836538461538464 0.18990384615384615
12 0.21153846153846154 0.6959134615384616 0.4230769230769231 0.34375
12 0.21153846153846154 0.38341346153846156 0.4230769230769231 0.33413461538461536
12 0.8786057692307693 0.4855769230769231 0.23798076923076922 0.40865384615384615