24 0.7115384615384616 0.30528846153846156 0.3389423076923077 0.18028846153846154
24 0.6658653846153846 0.140625 0.2956730769230769 0.17548076923076922
24 0.484375 0.9447115384615384 0.2956730769230769 0.10576923076923077
24 0.4723557692307692 0.7836538461538461 0.3798076923076923 0.23557692307692307
24 0.42427884615384615 0.5793269230769231 0.33653846153846156 0.20432692307692307
24 0.4110576923076923 0.39302884615384615 0.35336538461538464 0.18990384615384615
24 0.39903846153846156 0.20793269230769232 0.3605769230769231 0.22115384615384615
24 0.3641826923076923 0.0625 0.31490384615384615 0.125
24 0.17427884615384615 0.8497596153846154 0.3004807692307692 0.15384615384615385
24 0.1658653846153846 0.4891826923076923 0.3173076923076923 0.20432692307692307
24 0.15865384615384615 0.6778846153846154 0.3173076923076923 0.1971153846153846
24 0.1466346153846154 0.1310096153846154 0.25961538461538464 0.18028846153846154
24 0.14182692307692307 0.30408653846153844 0.2668269230769231 0.19471153846153846
24 0.9098557692307693 0.24158653846153846 0.17548076923076922 0.18028846153846154
24 0.8834134615384616 0.8004807692307693 0.20673076923076922 0.2091346153846154
24 0.8870192307692307 0.09254807692307693 0.22115384615384615 0.15625
24 0.7367788461538461 0.8966346153846154 0.25721153846153844 0.16105769230769232
24 0.7391826923076923 0.6790865384615384 0.30528846153846156 0.21634615384615385
24 0.7391826923076923 0.484375 0.36778846153846156 0.20673076923076922