24 0.6225961538461539 0.25841346153846156 0.22355769230769232 0.34134615384615385
24 0.7860576923076923 0.27403846153846156 0.21153846153846154 0.3004807692307692
24 0.0673076923076923 0.578125 0.1346153846153846 0.29086538461538464
24 0.21394230769230768 0.5612980769230769 0.28125 0.3894230769230769
24 0.41466346153846156 0.5721153846153846 0.24278846153846154 0.3389423076923077
24 0.5913461538461539 0.5540865384615384 0.23557692307692307 0.3557692307692308
24 0.7668269230769231 0.5348557692307693 0.2620192307692308 0.36778846153846156
24 0.9122596153846154 0.5372596153846154 0.17067307692307693 0.3245192307692308
24 0.20192307692307693 0.8485576923076923 0.19230769230769232 0.2980769230769231
24 0.5408653846153846 0.7992788461538461 0.2403846153846154 0.3269230769230769
24 0.36778846153846156 0.8377403846153846 0.23557692307692307 0.31971153846153844
24 0.8834134615384616 0.765625 0.21153846153846154 0.28125
24 0.7235576923076923 0.8112980769230769 0.23557692307692307 0.3173076923076923
24 0.6478365384615384 0.07932692307692307 0.19951923076923078 0.15865384615384615
24 0.1310096153846154 0.17307692307692307 0.22355769230769232 0.23317307692307693
24 0.8161057692307693 0.08653846153846154 0.22355769230769232 0.17307692307692307
24 0.08052884615384616 0.33413461538461536 0.16105769230769232 0.2644230769230769
24 0.2704326923076923 0.29447115384615385 0.25 0.3173076923076923
24 0.45072115384615385 0.2620192307692308 0.25 0.37259615384615385