24 0.6875 0.27524038461538464 0.21875 0.3581730769230769
24 0.859375 0.30408653846153844 0.20673076923076922 0.31490384615384615
24 0.0673076923076923 0.5745192307692307 0.1346153846153846 0.3076923076923077
24 0.22956730769230768 0.5685096153846154 0.2764423076923077 0.40384615384615385
24 0.4423076923076923 0.5949519230769231 0.23798076923076922 0.3581730769230769
24 0.6310096153846154 0.5889423076923077 0.23076923076923078 0.375
24 0.8197115384615384 0.5817307692307693 0.25721153846153844 0.38461538461538464
24 0.9447115384615384 0.6021634615384616 0.10576923076923077 0.3293269230769231
24 0.19471153846153846 0.8569711538461539 0.1875 0.28125
24 0.5576923076923077 0.8365384615384616 0.2403846153846154 0.32211538461538464
24 0.36778846153846156 0.8521634615384616 0.23076923076923078 0.29086538461538464
24 0.9086538461538461 0.8185096153846154 0.1778846153846154 0.25721153846153844
24 0.7487980769230769 0.8413461538461539 0.22355769230769232 0.2668269230769231
24 0.7295673076923077 0.08173076923076923 0.19951923076923078 0.16346153846153846
24 0.16947115384615385 0.14903846153846154 0.22596153846153846 0.23317307692307693
24 0.875 0.09615384615384616 0.15865384615384615 0.19230769230769232
24 0.09134615384615384 0.3137019230769231 0.18269230769230768 0.2764423076923077
24 0.3076923076923077 0.28725961538461536 0.25 0.3317307692307692
24 0.5048076923076923 0.265625 0.24278846153846154 0.3894230769230769