1 0.23798076923076922 0.3954326923076923 0.25240384615384615 0.17548076923076922
1 0.2776442307692308 0.5685096153846154 0.20432692307692307 0.15625
1 0.27884615384615385 0.8581730769230769 0.16826923076923078 0.17548076923076922
1 0.32211538461538464 0.6959134615384616 0.17548076923076922 0.16346153846153846
1 0.3762019230769231 0.30408653846153844 0.18028846153846154 0.15384615384615385
1 0.39783653846153844 0.11778846153846154 0.21153846153846154 0.18509615384615385
1 0.46033653846153844 0.5769230769230769 0.14182692307692307 0.20673076923076922
1 0.5084134615384616 0.3088942307692308 0.13701923076923078 0.20673076923076922
1 0.5661057692307693 0.15625 0.16826923076923078 0.2091346153846154
1 0.5228365384615384 0.8341346153846154 0.2548076923076923 0.20192307692307693
1 0.5949519230769231 0.49399038461538464 0.17067307692307693 0.2668269230769231
1 0.5805288461538461 0.7115384615384616 0.24519230769230768 0.21634615384615385
1 0.052884615384615384 0.7716346153846154 0.10576923076923077 0.20673076923076922
1 0.6682692307692307 0.32572115384615385 0.24759615384615385 0.22115384615384615
1 0.6911057692307693 0.6634615384615384 0.12740384615384615 0.2403846153846154
1 0.7355769230769231 0.8701923076923077 0.1466346153846154 0.18028846153846154
1 0.8545673076923077 0.265625 0.24278846153846154 0.16346153846153846
1 0.8533653846153846 0.4050480769230769 0.21394230769230768 0.16105769230769232
1 0.8653846153846154 0.8028846153846154 0.19230769230769232 0.125
1 0.8665865384615384 0.9146634615384616 0.17548076923076922 0.1658653846153846
1 0.9302884615384616 0.6586538461538461 0.125 0.18990384615384615
1 0.09975961538461539 0.5456730769230769 0.1875 0.1778846153846154
1 0.14182692307692307 0.6862980769230769 0.14182692307692307 0.2548076923076923
1 0.1935096153846154 0.16706730769230768 0.18269230769230768 0.2091346153846154