1 0.22115384615384615 0.5552884615384616 0.24759615384615385 0.16826923076923078
1 0.2848557692307692 0.38822115384615385 0.19951923076923078 0.14903846153846154
1 0.32572115384615385 0.1045673076923077 0.16105769230769232 0.17067307692307693
1 0.34615384615384615 0.2704326923076923 0.17067307692307693 0.15625
1 0.3449519230769231 0.6622596153846154 0.17307692307692307 0.14903846153846154
1 0.34134615384615385 0.8485576923076923 0.20432692307692307 0.17548076923076922
1 0.46634615384615385 0.4050480769230769 0.13221153846153846 0.20432692307692307
1 0.47475961538461536 0.6766826923076923 0.12740384615384615 0.20192307692307693
1 0.5108173076923077 0.8353365384615384 0.15865384615384615 0.20432692307692307
1 0.5625 0.16105769230769232 0.25 0.19230769230769232
1 0.5853365384615384 0.5060096153846154 0.15865384615384615 0.25961538461538464
1 0.6021634615384616 0.29086538461538464 0.23557692307692307 0.2091346153846154
1 0.07572115384615384 0.15745192307692307 0.12740384615384615 0.1971153846153846
1 0.6346153846153846 0.6826923076923077 0.2403846153846154 0.21153846153846154
1 0.7043269230769231 0.35216346153846156 0.11778846153846154 0.23557692307692307
1 0.7752403846153846 0.15625 0.13942307692307693 0.17307692307692307
1 0.8100961538461539 0.7668269230769231 0.23557692307692307 0.15625
1 0.828125 0.6286057692307693 0.2091346153846154 0.15384615384615385
1 0.8954326923076923 0.2403846153846154 0.18509615384615385 0.1201923076923077
1 0.9110576923076923 0.12379807692307693 0.1658653846153846 0.17067307692307693
1 0.9375 0.39302884615384615 0.1201923076923077 0.18990384615384615
1 0.10576923076923077 0.3870192307692308 0.18028846153846154 0.17067307692307693
1 0.16706730769230768 0.2548076923076923 0.13221153846153846 0.25
1 0.14783653846153846 0.7728365384615384 0.17307692307692307 0.20192307692307693