1 0.47596153846153844 0.17307692307692307 0.19471153846153846 0.27163461538461536
1 0.6490384615384616 0.25 0.17067307692307693 0.22115384615384615
1 0.9278846153846154 0.3112980769230769 0.13942307692307693 0.18509615384615385
1 0.7740384615384616 0.32211538461538464 0.17548076923076922 0.18990384615384615
1 0.3545673076923077 0.2980769230769231 0.1658653846153846 0.19230769230769232
1 0.15504807692307693 0.2848557692307692 0.19951923076923078 0.2283653846153846
1 0.6225961538461539 0.4423076923076923 0.22115384615384615 0.15144230769230768
1 0.3317307692307692 0.4375 0.22355769230769232 0.1466346153846154
1 0.16105769230769232 0.46634615384615385 0.2283653846153846 0.18269230769230768
1 0.8762019230769231 0.5600961538461539 0.21875 0.27403846153846156
1 0.5072115384615384 0.5649038461538461 0.28365384615384615 0.18509615384615385
1 0.7379807692307693 0.5949519230769231 0.23557692307692307 0.2644230769230769
1 0.8990384615384616 0.07211538461538461 0.1971153846153846 0.08653846153846154
1 0.3161057692307692 0.6081730769230769 0.23557692307692307 0.2668269230769231
1 0.6658653846153846 0.6995192307692307 0.2548076923076923 0.13942307692307693
1 0.8725961538461539 0.7884615384615384 0.19230769230769232 0.15625
1 0.21634615384615385 0.7908653846153846 0.1778846153846154 0.25961538461538464
1 0.3629807692307692 0.8173076923076923 0.17548076923076922 0.23076923076923078
1 0.7752403846153846 0.9026442307692307 0.14182692307692307 0.18990384615384615
1 0.8822115384615384 0.9182692307692307 0.16346153846153846 0.15865384615384615
1 0.6105769230769231 0.9387019230769231 0.20673076923076922 0.11778846153846154
1 0.6610576923076923 0.08413461538461539 0.1875 0.15625
1 0.7992788461538461 0.13221153846153846 0.27163461538461536 0.15384615384615385
1 0.24759615384615385 0.09134615384615384 0.22596153846153846 0.18269230769230768