29 0.8112980769230769 0.4338942307692308 0.2860576923076923 0.30288461538461536
29 0.7283653846153846 0.6574519230769231 0.22596153846153846 0.2283653846153846
29 0.7487980769230769 0.13581730769230768 0.22115384615384615 0.23317307692307693
29 0.5841346153846154 0.5588942307692307 0.3125 0.37259615384615385
29 0.5769230769230769 0.2548076923076923 0.25240384615384615 0.2860576923076923
29 0.4651442307692308 0.7944711538461539 0.3269230769230769 0.2091346153846154
29 0.36177884615384615 0.3798076923076923 0.4326923076923077 0.2692307692307692
29 0.38341346153846156 0.1045673076923077 0.3245192307692308 0.2091346153846154
29 0.25961538461538464 0.9278846153846154 0.28125 0.1201923076923077
29 0.2980769230769231 0.5324519230769231 0.34375 0.25961538461538464
29 0.25961538461538464 0.6418269230769231 0.28846153846153844 0.24278846153846154
29 0.1814903846153846 0.8016826923076923 0.35096153846153844 0.20673076923076922
29 0.23197115384615385 0.18870192307692307 0.28846153846153844 0.21394230769230768