29 0.8052884615384616 0.44591346153846156 0.2956730769230769 0.3125
29 0.7175480769230769 0.6706730769230769 0.2283653846153846 0.23317307692307693
29 0.7487980769230769 0.14182692307692307 0.23076923076923078 0.24278846153846154
29 0.5733173076923077 0.5685096153846154 0.32211538461538464 0.38221153846153844
29 0.5709134615384616 0.25961538461538464 0.25961538461538464 0.29086538461538464
29 0.4483173076923077 0.8064903846153846 0.33413461538461536 0.21634615384615385
29 0.35096153846153844 0.38341346153846156 0.43990384615384615 0.28125
29 0.3798076923076923 0.10817307692307693 0.33653846153846156 0.21634615384615385
29 0.23677884615384615 0.9290865384615384 0.28365384615384615 0.11057692307692307
29 0.2848557692307692 0.5348557692307693 0.35336538461538464 0.2668269230769231
29 0.24278846153846154 0.6466346153846154 0.2956730769230769 0.24759615384615385
29 0.171875 0.8064903846153846 0.34375 0.21875
29 0.22235576923076922 0.18509615384615385 0.2932692307692308 0.21875