29 0.6418269230769231 0.1935096153846154 0.3269230769230769 0.31009615384615385
29 0.3942307692307692 0.20673076923076922 0.24519230769230768 0.24278846153846154
29 0.8942307692307693 0.34615384615384615 0.20673076923076922 0.24519230769230768
29 0.4483173076923077 0.38100961538461536 0.39903846153846156 0.34134615384615385
29 0.7475961538461539 0.4807692307692308 0.30528846153846156 0.2764423076923077
29 0.17548076923076922 0.42788461538461536 0.23317307692307693 0.3485576923076923
29 0.5576923076923077 0.65625 0.3004807692307692 0.4567307692307692
29 0.8569711538461539 0.7235576923076923 0.2668269230769231 0.34615384615384615
29 0.025240384615384616 0.5961538461538461 0.05048076923076923 0.28846153846153844
29 0.38822115384615385 0.6730769230769231 0.2860576923076923 0.3701923076923077
29 0.265625 0.6778846153846154 0.2644230769230769 0.31009615384615385
29 0.10096153846153846 0.7091346153846154 0.20192307692307693 0.375
29 0.7103365384615384 0.8449519230769231 0.23317307692307693 0.3076923076923077