6 0.9362980769230769 0.44711538461538464 0.12259615384615384 0.14903846153846154
6 0.8737980769230769 0.5444711538461539 0.15865384615384615 0.15384615384615385
6 0.7956730769230769 0.6538461538461539 0.13942307692307693 0.13701923076923078
6 0.7956730769230769 0.3798076923076923 0.1658653846153846 0.14903846153846154
6 0.75 0.7776442307692307 0.17307692307692307 0.13942307692307693
6 0.7307692307692307 0.5384615384615384 0.15144230769230768 0.15384615384615385
6 0.6923076923076923 0.27283653846153844 0.15865384615384615 0.14903846153846154
6 0.6418269230769231 0.6682692307692307 0.16346153846153846 0.13701923076923078
6 0.5889423076923077 0.78125 0.1658653846153846 0.12980769230769232
6 0.5925480769230769 0.4543269230769231 0.1778846153846154 0.15144230769230768
6 0.5372596153846154 0.3389423076923077 0.15144230769230768 0.14903846153846154
6 0.4639423076923077 0.7283653846153846 0.14903846153846154 0.14903846153846154
6 0.4567307692307692 0.4891826923076923 0.16346153846153846 0.16346153846153846
6 0.3942307692307692 0.6105769230769231 0.16346153846153846 0.14423076923076922