6 0.07091346153846154 0.5685096153846154 0.14182692307692307 0.1658653846153846
6 0.14543269230769232 0.6574519230769231 0.18028846153846154 0.17307692307692307
6 0.23918269230769232 0.7584134615384616 0.15865384615384615 0.15384615384615385
6 0.20072115384615385 0.4807692307692308 0.18509615384615385 0.17307692307692307
6 0.30288461538461536 0.8762019230769231 0.19230769230769232 0.16105769230769232
6 0.28846153846153844 0.6322115384615384 0.17067307692307693 0.17307692307692307
6 0.29086538461538464 0.3581730769230769 0.17548076923076922 0.17067307692307693
6 0.39663461538461536 0.75 0.1778846153846154 0.15865384615384615
6 0.46634615384615385 0.8557692307692307 0.18269230769230768 0.15625
6 0.41586538461538464 0.5276442307692307 0.1971153846153846 0.17307692307692307
6 0.45552884615384615 0.40384615384615385 0.17067307692307693 0.1658653846153846
6 0.5853365384615384 0.7848557692307693 0.1658653846153846 0.17067307692307693
6 0.5600961538461539 0.5432692307692307 0.18269230769230768 0.18269230769230768
6 0.6382211538461539 0.6574519230769231 0.18509615384615385 0.16826923076923078