6 0.7055288461538461 0.09735576923076923 0.15865384615384615 0.14903846153846154
6 0.5925480769230769 0.12980769230769232 0.17307692307692307 0.1778846153846154
6 0.4639423076923077 0.16947115384615385 0.15384615384615385 0.15625
6 0.7235576923076923 0.2548076923076923 0.17307692307692307 0.18509615384615385
6 0.3329326923076923 0.17548076923076922 0.16105769230769232 0.18990384615384615
6 0.5528846153846154 0.2668269230769231 0.17307692307692307 0.17307692307692307
6 0.7932692307692307 0.3870192307692308 0.17067307692307693 0.17548076923076922
6 0.4026442307692308 0.3125 0.15865384615384615 0.1778846153846154
6 0.2800480769230769 0.328125 0.15384615384615385 0.18269230769230768
6 0.5913461538461539 0.4230769230769231 0.17548076923076922 0.1971153846153846
6 0.6826923076923077 0.5108173076923077 0.16826923076923078 0.17067307692307693
6 0.2920673076923077 0.46153846153846156 0.16826923076923078 0.1658653846153846
6 0.515625 0.5432692307692307 0.18269230769230768 0.18269230769230768
6 0.38221153846153844 0.5637019230769231 0.16826923076923078 0.18269230769230768