12 0.7608173076923077 0.6923076923076923 0.21875 0.33413461538461536
12 0.6899038461538461 0.9771634615384616 0.20673076923076922 0.040865384615384616
12 0.8040865384615384 0.3954326923076923 0.25721153846153844 0.36538461538461536
12 0.8329326923076923 0.20673076923076922 0.29086538461538464 0.14903846153846154
12 0.6189903846153846 0.9254807692307693 0.24278846153846154 0.14423076923076922
12 0.6911057692307693 0.5865384615384616 0.22355769230769232 0.16826923076923078
12 0.765625 0.09735576923076923 0.3581730769230769 0.17067307692307693
12 0.5564903846153846 0.8701923076923077 0.37740384615384615 0.2548076923076923
12 0.5060096153846154 0.9302884615384616 0.19951923076923078 0.1346153846153846
12 0.5492788461538461 0.6778846153846154 0.42788461538461536 0.23557692307692307
12 0.6213942307692307 0.30649038461538464 0.45913461538461536 0.29086538461538464
12 0.47716346153846156 0.7127403846153846 0.33653846153846156 0.21153846153846154
12 0.4170673076923077 0.890625 0.24519230769230768 0.1875
12 0.4254807692307692 0.8221153846153846 0.3557692307692308 0.2860576923076923
12 0.48677884615384615 0.49158653846153844 0.2668269230769231 0.3076923076923077
12 0.3485576923076923 0.4831730769230769 0.24278846153846154 0.22115384615384615
12 0.4326923076923077 0.07572115384615384 0.39903846153846156 0.15144230769230768
12 0.4110576923076923 0.13942307692307693 0.3701923076923077 0.18269230769230768
12 0.2512019230769231 0.7391826923076923 0.17307692307692307 0.3317307692307692
12 0.18870192307692307 0.9014423076923077 0.25 0.12980769230769232
12 0.20793269230769232 0.44591346153846156 0.3557692307692308 0.29086538461538464
12 0.15625 0.6334134615384616 0.21634615384615385 0.3701923076923077
12 0.22115384615384615 0.29447115384615385 0.3894230769230769 0.21634615384615385
12 0.09495192307692307 0.8725961538461539 0.18990384615384615 0.13942307692307693