12 0.18028846153846154 0.5564903846153846 0.18509615384615385 0.31009615384615385
12 0.140625 0.8942307692307693 0.19951923076923078 0.1466346153846154
12 0.23197115384615385 0.27524038461538464 0.21875 0.33413461538461536
12 0.2644230769230769 0.0985576923076923 0.27403846153846156 0.1201923076923077
12 0.22235576923076922 0.8629807692307693 0.22596153846153846 0.23317307692307693
12 0.27524038461538464 0.48197115384615385 0.20673076923076922 0.14423076923076922
12 0.3605769230769231 0.04567307692307692 0.34134615384615385 0.09134615384615384
12 0.3076923076923077 0.7848557692307693 0.34375 0.22596153846153846
12 0.328125 0.8894230769230769 0.18990384615384615 0.19951923076923078
12 0.37259615384615385 0.6081730769230769 0.39663461538461536 0.19230769230769232
12 0.42427884615384615 0.25240384615384615 0.4254807692307692 0.24519230769230768
12 0.4266826923076923 0.6610576923076923 0.31009615384615385 0.1778846153846154
12 0.4254807692307692 0.8401442307692307 0.22596153846153846 0.16105769230769232
12 0.43990384615384615 0.7764423076923077 0.32211538461538464 0.24759615384615385
12 0.48677884615384615 0.45913461538461536 0.23317307692307693 0.27884615384615385
12 0.6129807692307693 0.49399038461538464 0.21634615384615385 0.1971153846153846
12 0.6754807692307693 0.08173076923076923 0.375 0.16346153846153846
12 0.6634615384615384 0.16706730769230768 0.34615384615384615 0.1466346153846154
12 0.6225961538461539 0.7560096153846154 0.14182692307692307 0.3076923076923077
12 0.6237980769230769 0.9326923076923077 0.24278846153846154 0.12980769230769232
12 0.7512019230769231 0.5060096153846154 0.32211538461538464 0.2548076923076923
12 0.7403846153846154 0.6911057692307693 0.1778846153846154 0.34375
12 0.7860576923076923 0.36538461538461536 0.36538461538461536 0.1778846153846154
12 0.7355769230769231 0.9290865384615384 0.20192307692307693 0.11538461538461539