12 0.8112980769230769 0.46153846153846156 0.19471153846153846 0.3004807692307692
12 0.8725961538461539 0.13341346153846154 0.19951923076923078 0.1658653846153846
12 0.7427884615384616 0.7259615384615384 0.23076923076923078 0.3317307692307692
12 0.6995192307692307 0.8942307692307693 0.2644230769230769 0.13221153846153846
12 0.7920673076923077 0.15745192307692307 0.23076923076923078 0.24759615384615385
12 0.7151442307692307 0.5264423076923077 0.20192307692307693 0.15144230769230768
12 0.6033653846153846 0.9423076923076923 0.3269230769230769 0.11057692307692307
12 0.7055288461538461 0.23197115384615385 0.34134615384615385 0.23798076923076922
12 0.6935096153846154 0.12620192307692307 0.18990384615384615 0.21153846153846154
12 0.6298076923076923 0.39783653846153844 0.38461538461538464 0.20673076923076922
12 0.5588942307692307 0.7355769230769231 0.4182692307692308 0.25961538461538464
12 0.5817307692307693 0.34375 0.30528846153846156 0.18509615384615385
12 0.5949519230769231 0.17307692307692307 0.22355769230769232 0.1658653846153846
12 0.578125 0.23317307692307693 0.31971153846153844 0.25721153846153844
12 0.5108173076923077 0.53125 0.2403846153846154 0.27884615384615385
12 0.39302884615384615 0.49038461538461536 0.21875 0.20192307692307693
12 0.30408653846153844 0.8966346153846154 0.36538461538461536 0.20432692307692307
12 0.3233173076923077 0.7992788461538461 0.33653846153846156 0.16105769230769232
12 0.4014423076923077 0.23918269230769232 0.15384615384615385 0.3004807692307692
12 0.41466346153846156 0.06971153846153846 0.24278846153846154 0.13942307692307693
12 0.2608173076923077 0.4699519230769231 0.32211538461538464 0.2620192307692308
12 0.28365384615384615 0.2956730769230769 0.19230769230769232 0.33653846153846156
12 0.21754807692307693 0.6033653846153846 0.3557692307692308 0.19230769230769232
12 0.30408653846153844 0.0673076923076923 0.19951923076923078 0.125